Car -1 -1 -1.302897 334.679108 177.955750 487.681885 278.112091 1.490610 1.605343 3.906656 -3.347293 1.465186 12.714134 -1.560329 0.999936
Pedestrian -1 -1 -2.645944 206.419708 173.373489 247.918594 239.429138 1.730113 0.500426 0.862547 -10.272628 1.578359 19.147901 -3.138355 0.997330
Cyclist -1 -1 0.337244 1085.616333 129.099991 1196.743408 214.323166 1.762906 0.574182 1.772939 11.743633 0.699380 15.577389 0.983230 0.994658
Pedestrian -1 -1 2.769329 234.872894 174.502762 276.691101 236.282455 1.690292 0.513232 0.921305 -9.924066 1.556289 20.009299 2.308908 0.993787
Pedestrian -1 -1 -0.368940 558.259033 158.378067 600.633057 226.818695 1.820433 0.662324 0.969237 -0.768951 1.227048 19.690064 -0.407973 0.993492
Pedestrian -1 -1 -0.342122 182.388168 177.272614 223.114029 238.807297 1.648630 0.485273 0.878047 -11.273075 1.588030 19.756595 -0.860642 0.991014
Cyclist -1 -1 0.064353 285.873322 164.399979 363.633057 240.691132 1.750552 0.567096 1.687110 -6.693733 1.389281 16.874255 -0.313291 0.983041
Cyclist -1 -1 -0.367368 992.304382 137.968048 1071.686279 204.553085 1.837793 0.609161 1.789543 12.101397 0.662174 20.091044 0.174762 0.969944
Cyclist -1 -1 0.814532 789.827454 153.904160 830.308899 196.512634 1.761125 0.634009 1.814149 8.997387 0.641201 31.166110 1.095582 0.952305
Cyclist -1 -1 -1.906864 855.998413 149.314682 890.832703 197.963943 1.748832 0.623338 1.924087 10.589248 0.588705 27.909429 -1.544228 0.932703
Car -1 -1 1.433364 470.365234 168.982544 500.090118 191.080032 1.531528 1.642711 4.123436 -9.077229 0.703584 53.396646 1.264977 0.895842
