Pedestrian -1 -1 -0.451633 953.109497 156.292114 1023.140137 288.060120 1.595211 0.611022 0.549969 4.783667 1.283968 8.988451 0.037443 0.999385
Pedestrian -1 -1 1.843682 513.217651 163.937027 548.628967 231.907196 1.680831 0.729800 0.760061 -1.835272 1.246724 18.453826 1.744556 0.995237
Pedestrian -1 -1 -1.793149 572.298828 160.864288 613.951111 235.355835 1.779118 0.859960 1.016492 -0.248055 1.295157 18.165616 -1.806803 0.992820
Pedestrian -1 -1 1.365272 548.774963 160.332916 577.586121 221.491791 1.765002 0.733220 0.840748 -1.216442 1.173572 22.139905 1.310384 0.990562
Pedestrian -1 -1 0.970366 122.927956 188.985687 301.840820 446.357513 1.491071 0.702951 0.865551 -2.633287 1.557325 4.810332 0.469504 0.988922
Pedestrian -1 -1 1.134492 210.640991 173.111618 299.899597 356.333191 1.621686 0.587201 0.563399 -3.406640 1.566513 6.961094 0.679374 0.986050
Cyclist -1 -1 2.035916 688.901428 153.561340 744.614685 247.912552 1.843629 0.578484 1.668693 2.259467 1.294413 14.645156 2.188990 0.971619
Pedestrian -1 -1 2.744882 613.605835 163.617966 638.549377 210.210754 1.786739 0.752573 0.779007 0.955054 1.092523 29.073029 2.777720 0.969985
Cyclist -1 -1 1.192096 412.262390 170.048950 493.464966 287.792053 1.679102 0.746480 1.648695 -2.347480 1.515600 11.210925 0.985686 0.909084
Pedestrian -1 -1 1.172536 598.302002 163.718964 626.802124 216.872009 1.786548 0.804332 0.884439 0.401751 1.182916 26.606825 1.187635 0.897192
