Pedestrian -1 -1 -1.658931 759.434631 164.509384 855.609680 364.869354 1.740601 0.779882 0.653177 1.862820 1.592056 6.709968 -1.388131 0.999032
Pedestrian -1 -1 2.870138 849.564453 152.813324 972.576233 363.934967 1.826600 0.958751 0.912980 2.882045 1.597102 6.815186 -3.012969 0.998900
Pedestrian -1 -1 -2.110583 537.214111 165.038498 592.012268 259.414093 1.779739 0.689291 0.950953 -0.767190 1.475474 14.132097 -2.164817 0.997388
Pedestrian -1 -1 -1.703093 190.945969 167.156677 302.384155 350.191620 1.796500 0.949421 0.941083 -3.836648 1.657893 7.662148 -2.167323 0.996383
Pedestrian -1 -1 -0.982875 1116.510620 146.210983 1206.197510 270.052856 1.781705 0.710913 0.897988 8.410707 1.278785 10.874828 -0.324559 0.995624
Pedestrian -1 -1 -1.213081 993.701538 152.487976 1058.011230 269.619751 1.711745 0.585608 0.846639 6.368228 1.278862 10.853999 -0.682486 0.994180
Pedestrian -1 -1 -3.043998 715.579773 161.567413 755.502625 237.397049 1.767158 0.747944 0.902277 3.208004 1.310357 17.396109 -2.861637 0.992589
Pedestrian -1 -1 -2.754262 945.469543 156.249557 991.970398 251.229568 1.735324 0.620491 0.599553 7.036249 1.275943 13.824856 -2.283475 0.991086
Pedestrian -1 -1 1.111340 504.677002 168.859039 535.402893 230.279449 1.766555 0.642167 0.864064 -2.499595 1.417860 21.913416 0.997764 0.956569
Pedestrian -1 -1 -0.214620 134.655365 169.201691 211.674911 311.309967 1.757601 0.684033 0.754279 -5.709045 1.630811 9.510332 -0.755259 0.892647
