Car -1 -1 1.680710 550.769165 179.825089 597.868713 218.014816 1.520048 1.669004 4.047139 -1.180448 1.489139 31.997792 1.643835 0.998982
Pedestrian -1 -1 -1.128827 900.653076 167.200821 976.100708 292.852875 1.705670 0.670350 0.878723 4.773527 1.515361 10.273903 -0.693876 0.997529
Pedestrian -1 -1 1.953965 854.422913 163.616486 919.453369 287.120544 1.729009 0.658988 0.773538 4.163349 1.480948 10.591983 2.328479 0.996402
Pedestrian -1 -1 -2.877936 778.304382 168.374313 824.970032 253.603485 1.797234 0.712893 0.867070 4.503457 1.541525 16.287303 -2.608175 0.996016
Pedestrian -1 -1 -2.703188 356.844208 170.992950 428.766998 290.565247 1.771665 0.845056 0.742087 -3.265864 1.615901 11.085934 -2.989679 0.995852
Pedestrian -1 -1 -3.094129 736.306702 173.155136 800.285095 312.811340 1.702358 0.775600 1.017104 2.148636 1.603847 9.486968 -2.871404 0.995661
Pedestrian -1 -1 -1.330566 639.897461 172.290146 677.597290 246.632324 1.865715 0.830624 0.888425 1.472509 1.635300 18.942965 -1.252988 0.993937
Pedestrian -1 -1 -1.687165 706.788757 177.409164 757.035156 287.793121 1.687673 0.707903 0.919914 2.108531 1.661185 11.892623 -1.511691 0.992950
Pedestrian -1 -1 -1.856300 286.335999 170.389877 341.036316 283.926178 1.751261 0.659333 0.711991 -4.695877 1.590738 11.630740 -2.240032 0.991256
Pedestrian -1 -1 -1.720172 684.539917 179.110916 732.086609 275.920013 1.675454 0.739196 0.893373 1.920038 1.654338 13.277227 -1.576556 0.989227
Pedestrian -1 -1 0.012383 667.427917 175.421021 695.362610 239.300781 1.771861 0.747043 0.866902 2.399117 1.676900 21.923043 0.121383 0.931363
