Car -1 -1 -1.315364 355.369080 184.611557 484.836823 271.236115 1.443487 1.598639 3.739775 -3.644066 1.461658 14.370413 -1.563710 0.999953
Car -1 -1 -1.143038 153.295212 176.210434 320.831726 265.991150 1.702046 1.665110 4.088303 -7.946259 1.523200 15.736325 -1.610648 0.999925
Car -1 -1 -1.466200 487.547302 183.633911 543.030273 224.416870 1.354624 1.670861 3.728048 -3.406786 1.335112 26.864171 -1.592342 0.999376
Car -1 -1 -1.738793 444.107697 180.582886 494.077728 212.935638 1.473693 1.640788 3.797525 -6.897103 1.286745 35.839734 -1.928911 0.999248
Car -1 -1 -2.095481 311.260132 183.819275 407.874420 233.829727 1.434379 1.558575 3.465429 -7.723647 1.409644 22.480755 -2.426413 0.999176
Car -1 -1 -1.594256 578.804932 177.298737 621.713745 216.002518 1.600510 1.767146 3.850681 -0.389953 1.279349 32.644379 -1.606201 0.998873
Car -1 -1 -1.100074 26.127132 187.056503 185.023697 253.836090 1.428214 1.588702 3.971450 -12.561611 1.512315 18.181986 -1.704654 0.998441
Car -1 -1 -2.099315 265.836060 183.353836 357.336792 226.662949 1.454573 1.572332 3.878882 -10.896008 1.416862 26.521409 -2.489130 0.983291
Car -1 -1 -0.948402 -270.170166 193.691055 129.422592 342.905975 1.411643 1.591092 3.932863 -8.334955 1.567960 9.280787 -1.680160 0.961035
Car -1 -1 -2.012727 252.779953 182.316757 318.098724 214.493362 1.463932 1.492209 4.093506 -15.928885 1.376820 35.580674 -2.433653 0.816242
