Car -1 -1 2.019947 131.561890 193.340424 381.480133 329.883942 1.458604 1.620500 3.862500 -4.784394 1.807245 10.321803 1.585904 0.999955
Car -1 -1 -1.918195 784.588867 181.956406 980.403931 306.460358 1.502035 1.567588 3.507064 3.707251 1.649396 10.670830 -1.583821 0.999946
Car -1 -1 1.897550 323.429535 187.042740 458.529907 266.313416 1.428306 1.616393 4.076679 -4.693980 1.791639 15.897792 1.610447 0.999889
Car -1 -1 -1.820645 725.305115 179.785599 844.490234 256.872711 1.491715 1.582895 3.974957 3.723535 1.659856 16.137068 -1.593870 0.999830
Car -1 -1 1.848471 405.667877 183.739304 497.201233 239.680115 1.405536 1.613163 3.928269 -4.633451 1.771212 21.368573 1.634942 0.999728
Car -1 -1 1.736343 509.733124 178.693375 553.140137 209.761673 1.445380 1.563732 3.769316 -4.064799 1.775169 37.194688 1.627490 0.998994
Car -1 -1 -1.687239 707.645691 178.542435 773.418213 230.115143 1.507073 1.650987 3.946946 4.118167 1.711289 23.575709 -1.514305 0.997098
Car -1 -1 -3.138037 967.568542 172.487381 1067.250732 212.406967 1.541307 1.598317 3.602635 17.161878 1.563380 30.576272 -2.626574 0.992029
Car -1 -1 -2.184897 912.335815 195.413284 1563.953125 518.698914 1.450938 1.603973 3.634476 3.764176 1.678923 5.309232 -1.568165 0.985576
Car -1 -1 -1.671475 690.196960 179.492432 733.110474 215.129623 1.511427 1.626025 3.786070 4.701962 1.860513 34.066903 -1.534320 0.975020
Car -1 -1 -1.004530 930.842651 177.356293 984.866272 205.235077 1.497324 1.500626 3.313531 20.277933 1.814876 42.348878 -0.557961 0.871131
