Car -1 -1 -1.884987 755.113342 193.654068 980.471680 345.097229 1.377249 1.551832 3.303828 2.773847 1.674379 8.700696 -1.576367 0.999952
Car -1 -1 -0.514499 845.102112 176.711655 1069.588867 265.734467 1.630879 1.590172 3.808873 6.817405 1.717205 14.510174 -0.075272 0.999691
Car -1 -1 -0.108716 714.923706 182.672363 822.381226 227.560074 1.486262 1.501991 3.492790 5.518677 1.867055 25.927794 0.101002 0.999439
Car -1 -1 -1.680394 635.331482 179.146576 670.263000 206.492188 1.430675 1.595478 4.125098 2.424595 1.847017 42.340893 -1.623192 0.999106
Car -1 -1 0.528648 104.148804 184.494278 372.855164 291.593323 1.507801 1.534210 3.410072 -5.844800 1.710541 11.421107 0.055641 0.998294
Car -1 -1 -3.059465 331.368073 177.654907 463.983002 229.601837 1.551897 1.695300 4.080985 -6.837065 1.724333 23.458613 2.940124 0.997500
Car -1 -1 -2.269202 267.402893 182.425034 430.466919 248.726669 1.428506 1.636405 3.975328 -6.238812 1.673701 17.252415 -2.616191 0.995591
Car -1 -1 -2.719544 432.855927 179.046585 530.433350 209.911606 1.494350 1.650128 3.975173 -6.772122 1.867760 37.736768 -2.897110 0.988343
Car -1 -1 0.725243 -415.505463 182.170868 259.711792 386.607941 1.544710 1.640929 3.745113 -5.491530 1.606209 5.977631 -0.017798 0.987985
Car -1 -1 -1.837355 772.995300 181.245880 863.926147 231.811996 1.442181 1.615735 3.915253 6.459069 1.734281 22.644898 -1.559501 0.962968
Cyclist -1 -1 1.276697 549.714661 176.857666 568.624756 210.504196 1.677385 0.581759 1.639283 -2.793004 1.939422 38.831963 1.204896 0.867645
