Pedestrian -1 -1 1.112129 891.440857 137.136749 1002.268372 331.881317 1.793793 0.642858 0.788109 3.273114 1.392344 6.883780 1.555971 0.999587
Pedestrian -1 -1 -2.998591 741.115967 155.965942 833.930542 340.841522 1.649417 0.542935 0.777535 1.672764 1.430761 6.695131 -2.753755 0.999434
Pedestrian -1 -1 2.588592 614.105652 149.988678 717.748596 345.840759 1.703176 0.581412 0.766073 0.507900 1.438114 6.581141 2.665614 0.999186
Pedestrian -1 -1 1.203810 234.728027 130.808182 297.902832 267.301331 1.954089 0.698555 0.662995 -5.307638 1.257650 10.987114 0.753791 0.996544
Pedestrian -1 -1 -0.078543 781.788513 150.450302 932.376953 502.420441 1.711928 0.544148 0.776058 1.283375 1.555792 3.741343 0.251905 0.993913
Pedestrian -1 -1 0.371225 810.161743 143.492325 909.003906 330.799957 1.749554 0.621173 0.797007 2.594642 1.424127 7.348751 0.710635 0.973876
Pedestrian -1 -1 0.899880 530.179932 143.771637 563.955627 204.563934 1.753845 0.559680 0.868409 -1.797538 0.703040 21.286746 0.815636 0.971054
Pedestrian -1 -1 3.003471 512.298462 140.943375 546.943176 203.204041 1.767752 0.616204 0.899124 -2.281721 0.660677 20.848958 2.894464 0.965118
Pedestrian -1 -1 -2.460993 1112.296021 161.773346 1252.574829 405.720398 1.675296 0.507622 0.562512 4.390169 1.611118 5.474594 -1.785084 0.826095
Pedestrian -1 -1 -0.669502 1063.412842 144.940918 1304.234253 515.030518 1.661908 0.544502 0.717789 2.641534 1.459300 3.344901 -0.001061 0.762984
