Car -1 -1 -0.709451 798.209595 188.630615 1017.287781 280.291809 1.449729 1.588452 3.839268 5.276273 1.763055 13.233716 -0.330066 0.999823
Car -1 -1 -1.671924 631.959473 179.860611 685.570496 221.394608 1.411066 1.624794 4.264883 1.764442 1.728018 27.964108 -1.608911 0.999366
Car -1 -1 -2.447530 -225.045135 178.023148 232.381210 335.563538 1.655454 1.643020 3.891275 -6.840590 1.728353 8.352545 -3.133739 0.999255
Car -1 -1 2.521068 877.812988 187.312653 1188.728760 305.247986 1.539758 1.582950 3.660431 6.077696 1.767531 10.622897 3.040744 0.998701
Car -1 -1 -0.633007 1011.661865 193.598648 1463.511841 354.697815 1.511288 1.539254 3.293150 6.279977 1.735973 7.574495 0.059225 0.998669
Car -1 -1 -2.736837 289.887329 180.823486 455.579315 234.257706 1.466660 1.666457 4.299840 -7.022836 1.715657 21.527322 -3.052180 0.996483
Cyclist -1 -1 1.426183 465.253693 178.801620 499.261871 246.868179 1.611106 0.544451 1.946359 -3.332829 1.800488 18.538861 1.248308 0.995014
Car -1 -1 0.760653 45.487213 162.525375 325.538269 284.498077 1.720112 1.603780 3.680569 -6.938055 1.593843 11.693810 0.225167 0.994051
Car -1 -1 -1.506059 616.567932 176.668289 649.177612 204.195831 1.491900 1.622173 3.908059 1.324698 1.763834 43.490868 -1.475609 0.980820
Car -1 -1 1.024513 774.669067 173.709564 903.497559 243.786026 1.733364 1.680603 3.915145 6.300998 1.799821 20.510113 1.322575 0.944658
