Pedestrian -1 -1 2.137859 821.757690 141.984726 925.137756 336.823181 1.704516 0.593692 0.743701 2.437805 1.370519 6.556250 2.493847 0.999613
Pedestrian -1 -1 0.137450 764.428284 145.927628 819.493958 258.167450 1.693752 0.488852 0.792243 2.911920 1.182480 11.191867 0.391988 0.997560
Pedestrian -1 -1 -2.862173 272.180084 133.691162 330.031738 256.157837 1.921294 0.694348 0.690685 -5.080920 1.203854 11.711197 3.011668 0.995130
Pedestrian -1 -1 -2.433604 645.639526 144.749115 675.525757 203.624786 1.780496 0.577366 0.670506 1.705202 0.718392 22.240638 -2.357083 0.979253
Pedestrian -1 -1 -1.182951 410.368042 140.650146 449.943604 215.559570 1.780059 0.659100 0.923944 -4.335426 0.843052 17.394242 -1.427219 0.961328
Pedestrian -1 -1 0.255846 740.441162 146.025146 795.565735 252.138504 1.650049 0.496861 0.796378 2.626506 1.112742 11.537593 0.479679 0.931385
Pedestrian -1 -1 1.892196 495.201294 150.022827 523.508667 208.977066 1.665723 0.621631 0.831559 -2.848135 0.798668 20.718240 1.755582 0.922415
Pedestrian -1 -1 -0.749801 616.927368 143.732819 641.315430 197.020966 1.837851 0.538935 0.582374 0.844934 0.564925 25.777753 -0.717035 0.877317
Pedestrian -1 -1 1.309510 475.294006 147.780426 502.971680 209.600525 1.679148 0.574155 0.951886 -3.340769 0.784946 20.027181 1.144220 0.869807
Pedestrian -1 -1 1.980876 428.353027 140.895294 463.167389 209.668228 1.783211 0.622529 0.968789 -4.390534 0.764844 19.442990 1.758785 0.867912
Pedestrian -1 -1 2.968355 390.183167 141.051346 433.311584 207.702225 1.808107 0.653167 1.075742 -5.590880 0.730556 20.267669 2.699197 0.821096
Pedestrian -1 -1 -1.749077 244.635712 135.861008 302.961670 252.974182 1.860610 0.733227 0.802207 -5.675761 1.172579 11.967927 -2.191911 0.791824
Pedestrian -1 -1 -2.382392 629.958435 143.041611 656.918945 198.901993 1.841018 0.527487 0.556883 1.280272 0.589905 24.438708 -2.330052 0.763236
