Car -1 -1 1.938265 242.445236 196.004654 399.089508 280.831726 1.386941 1.664456 4.228066 -5.995604 1.966989 15.396757 1.566924 0.999956
Car -1 -1 2.163252 -18.851795 206.238937 287.044617 359.215027 1.423751 1.561762 3.444693 -5.816390 1.945091 9.263930 1.602603 0.999939
Car -1 -1 -1.811940 698.079895 176.390961 805.348083 246.952194 1.476684 1.599715 3.957776 3.244719 1.577905 17.458920 -1.628188 0.999886
Car -1 -1 1.860723 379.322327 190.462631 469.517792 243.916916 1.428158 1.653192 4.178351 -5.858624 2.047892 23.126000 1.612608 0.999853
Car -1 -1 1.428407 439.286469 186.984039 497.591248 228.947021 1.449536 1.554230 3.865808 -5.618974 2.055849 28.693978 1.235030 0.997920
Car -1 -1 2.437132 1046.688232 137.030670 1357.602417 244.687195 1.660163 1.627295 3.912469 9.752609 1.102085 12.123161 3.114587 0.997040
Car -1 -1 -1.664232 663.832275 180.486893 707.682739 217.297272 1.463933 1.562873 3.732336 3.233755 1.828942 31.643502 -1.562392 0.996118
Car -1 -1 -3.135971 916.325684 153.620377 1090.758179 219.188736 1.705760 1.636437 4.082675 10.780571 1.212714 20.053979 -2.642715 0.995771
Car -1 -1 1.411081 481.215607 184.585129 525.956482 216.322281 1.494007 1.566442 3.883498 -5.703572 2.195185 38.835511 1.265258 0.991610
Car -1 -1 -3.059477 851.205139 157.504456 1005.686035 215.143921 1.663991 1.710528 4.469212 10.033586 1.227508 22.947102 -2.647277 0.972932
Car -1 -1 -1.740921 680.681274 176.175781 753.511536 230.636246 1.519073 1.639587 3.813215 3.236686 1.638278 22.791331 -1.599851 0.970944
Car -1 -1 1.336858 514.438110 179.034271 549.354919 204.225647 1.611445 1.605494 3.877736 -5.707074 2.150303 52.590882 1.228763 0.943937
Car -1 -1 2.308175 988.982361 140.166550 1201.537720 220.598816 1.675479 1.708709 4.113871 11.213327 0.973123 16.735568 2.898502 0.943672
