Car -1 -1 1.910366 307.097992 187.833832 432.527832 263.168732 1.544142 1.639903 4.058942 -5.794884 1.955544 17.747250 1.594757 0.999915
Car -1 -1 1.420354 390.667938 186.676727 470.649628 239.472672 1.424774 1.618263 3.936567 -5.665322 1.908068 22.888875 1.177716 0.999780
Car -1 -1 1.769101 498.083527 180.764603 540.607666 208.684113 1.425857 1.615310 4.046314 -5.177183 1.915257 41.086709 1.643755 0.998655
Car -1 -1 1.457881 436.719513 182.965607 494.119141 225.728882 1.492928 1.554149 3.655968 -5.708006 1.946805 28.732102 1.261772 0.997992
Car -1 -1 1.434501 467.321777 182.351181 515.168030 218.042496 1.493640 1.537384 3.693298 -5.603274 1.993506 34.296681 1.272555 0.996433
Car -1 -1 -2.771744 782.499146 154.013992 900.015869 195.384003 1.629911 1.575695 3.913616 9.229108 0.900984 29.186185 -2.465478 0.986426
Car -1 -1 -1.645886 666.060120 171.840866 708.909973 206.921570 1.501803 1.712470 3.751910 3.517766 1.489702 33.539284 -1.541383 0.939958
Car -1 -1 0.552420 1015.374939 142.908844 1108.425903 173.640076 1.484987 1.604227 3.869818 23.233809 0.026082 37.232201 1.110317 0.891519
Car -1 -1 0.062511 1131.866821 133.906418 1258.262695 176.586166 1.471258 1.537353 3.682684 21.684728 0.065820 26.769938 0.743344 0.885438
Car -1 -1 2.317381 -428.124634 208.536209 184.175705 477.978424 1.536825 1.634828 3.914693 -5.842923 1.906496 6.311761 1.570537 0.883625
