Pedestrian -1 -1 -2.562919 1094.389648 86.438362 1294.710938 390.044098 2.007158 0.838351 0.799037 4.277210 1.378258 5.277608 -1.881842 0.999384
Pedestrian -1 -1 1.330979 426.474609 164.681839 484.826965 299.875671 1.662365 0.594883 0.714624 -1.954677 1.461817 9.344016 1.124762 0.997563
Car -1 -1 1.656961 560.698975 168.563782 592.666565 195.072845 1.546958 1.699216 4.137469 -1.540845 0.772164 45.891167 1.623397 0.996316
Pedestrian -1 -1 1.376113 468.816650 154.846695 525.138550 291.964722 1.783852 0.630113 0.814071 -1.512282 1.440929 9.970858 1.225590 0.994649
Pedestrian -1 -1 -1.325762 690.046631 162.212830 717.541199 226.775726 1.650986 0.619202 0.719082 2.719456 1.173286 19.412762 -1.186582 0.993099
Pedestrian -1 -1 -1.428690 659.192688 161.245605 689.592773 233.005951 1.701303 0.647013 0.890946 1.803954 1.224433 18.036286 -1.329003 0.989121
Pedestrian -1 -1 -1.408158 607.945862 157.817154 644.114502 234.994949 1.786063 0.755009 1.003012 0.571839 1.228565 17.699227 -1.375861 0.984892
Pedestrian -1 -1 -1.345400 715.499939 156.514252 751.367981 234.388626 1.770420 0.690404 0.829405 3.159194 1.209575 17.345589 -1.165242 0.969696
Pedestrian -1 -1 1.254824 703.901611 160.655045 734.190430 225.009048 1.690781 0.661379 0.712178 3.259277 1.146435 20.183285 1.414926 0.921582
Pedestrian -1 -1 -1.764965 634.123901 158.935226 657.861389 210.295563 1.850752 0.779277 0.832232 1.701292 1.040485 27.903246 -1.704070 0.864753
