Pedestrian -1 -1 0.398290 872.984253 162.049988 1044.779541 414.891846 1.637805 0.696164 0.903476 2.501744 1.535862 5.112200 0.853395 0.999377
Pedestrian -1 -1 2.426546 826.145142 169.558670 947.359436 412.087128 1.557915 0.450586 0.589432 1.892664 1.481752 4.895828 2.795436 0.998653
Pedestrian -1 -1 2.248121 608.709961 141.414719 674.477173 256.363861 1.828968 0.752593 0.839994 0.569648 1.197281 11.889186 2.295997 0.998422
Pedestrian -1 -1 -1.949872 272.429596 136.255890 330.116913 257.110138 1.918681 0.670050 0.729714 -5.169788 1.237394 11.926293 -2.358902 0.997563
Pedestrian -1 -1 -2.037924 562.594788 142.634125 625.762695 259.557892 1.783634 0.666189 1.003850 -0.222705 1.197819 11.495006 -2.057295 0.996979
Pedestrian -1 -1 -1.952525 530.749084 143.242279 591.499268 261.072205 1.750034 0.642793 1.016733 -0.750119 1.191752 11.240929 -2.019157 0.994577
Pedestrian -1 -1 1.261498 473.676056 142.209885 506.898407 209.922729 1.774279 0.656162 0.945170 -3.170455 0.781921 19.348638 1.099082 0.982478
Pedestrian -1 -1 1.909869 497.036957 142.088867 531.412415 208.578018 1.766313 0.662603 1.038676 -2.557658 0.752239 19.631352 1.780315 0.973075
Pedestrian -1 -1 -1.974154 441.699554 143.438446 475.653259 208.320084 1.756985 0.645171 0.993955 -4.168907 0.762020 20.052135 -2.179137 0.963489
Pedestrian -1 -1 1.887401 597.286682 141.223175 642.253357 231.619034 1.743241 0.695575 0.990520 0.281986 0.978355 15.086354 1.906090 0.959817
Pedestrian -1 -1 -0.211470 416.231903 143.350266 451.598206 206.844910 1.731629 0.566659 0.893993 -5.093577 0.722369 20.849843 -0.451075 0.956941
Pedestrian -1 -1 0.885496 392.954651 141.386093 430.268646 206.649185 1.798521 0.593423 0.923334 -5.734694 0.719065 20.804521 0.616529 0.920905
Pedestrian -1 -1 1.182151 518.694397 142.573776 552.658020 207.642136 1.797733 0.615781 1.113819 -2.057072 0.731677 20.629771 1.082766 0.876817
Pedestrian -1 -1 -0.364536 638.822937 141.280380 679.807861 222.959915 1.769331 0.657144 0.802789 1.259698 0.913572 16.910518 -0.290182 0.810321
Pedestrian -1 -1 -0.170825 246.613205 139.071533 304.982086 250.723953 1.896791 0.680238 0.819565 -5.962131 1.225326 12.668324 -0.610704 0.754562
