Pedestrian -1 -1 0.395525 900.351685 139.416061 1051.827026 410.793121 1.775438 0.598250 0.793242 2.628697 1.510968 5.114346 0.870298 0.999078
Pedestrian -1 -1 -2.047900 625.119202 137.456558 680.759705 249.563705 1.826681 0.617884 0.889790 0.770501 1.122009 12.079033 -1.984198 0.997995
Pedestrian -1 -1 0.357629 1031.793213 123.733627 1216.253906 441.312439 1.824014 0.638501 0.795872 3.299886 1.509172 4.589021 0.981048 0.997445
Pedestrian -1 -1 -0.424002 259.863312 132.509567 321.039215 253.704224 1.943274 0.710837 0.736621 -5.470696 1.186505 12.198731 -0.845578 0.996443
Pedestrian -1 -1 -1.140298 585.965393 142.685745 636.450317 250.885742 1.806722 0.615450 0.841587 0.070425 1.175300 12.620434 -1.134718 0.993953
Pedestrian -1 -1 1.919134 471.349030 145.599258 508.897430 226.480392 1.648157 0.578375 0.844970 -2.510256 0.947782 15.122582 1.754640 0.993466
Pedestrian -1 -1 1.252681 494.302582 142.873535 530.968140 225.221573 1.710852 0.588168 0.793510 -2.036405 0.950704 15.311234 1.120457 0.990658
Pedestrian -1 -1 1.959316 530.271912 141.228531 573.042969 229.829651 1.737675 0.638804 0.845517 -1.153684 0.956117 14.683747 1.880909 0.988704
Pedestrian -1 -1 1.867289 561.555725 142.474564 603.325806 231.966965 1.727942 0.635383 0.922361 -0.506772 0.986272 14.660751 1.832736 0.987141
Pedestrian -1 -1 1.220158 435.566833 143.151352 480.882294 226.186951 1.770359 0.702514 1.019970 -3.331554 0.970026 15.867649 1.013205 0.983352
Pedestrian -1 -1 0.710946 688.500427 147.636078 717.000977 206.502899 1.696018 0.511869 0.601381 2.910507 0.745423 21.422452 0.845982 0.971973
Pedestrian -1 -1 -3.132222 964.158203 126.067650 1134.201904 460.205902 1.798061 0.555377 0.809559 2.614864 1.490873 4.286302 -2.584444 0.968541
Cyclist -1 -1 2.360367 404.429626 144.173431 445.520660 196.226440 1.748696 0.557463 1.404475 -6.534146 0.499427 25.727584 2.111651 0.752722
