Car -1 -1 -1.971198 781.059998 197.546402 1122.929199 407.008545 1.422655 1.604440 3.730152 2.873383 1.716874 7.157914 -1.589462 0.999933
Car -1 -1 -1.819290 717.242310 185.955780 864.491638 295.170074 1.539616 1.591262 3.737490 2.840201 1.798838 12.454338 -1.595076 0.999848
Car -1 -1 -2.871737 394.621002 172.452423 506.838715 220.873795 1.849475 1.660784 4.069944 -6.297256 1.845206 28.505997 -3.089155 0.999729
Car -1 -1 -2.310239 247.850647 177.835709 419.378265 256.764191 1.528570 1.589411 3.650471 -6.039920 1.663377 15.773168 -2.675938 0.999713
Car -1 -1 -1.733665 665.230225 183.547653 728.086243 231.297409 1.445256 1.574044 3.603381 2.859625 1.860442 24.920336 -1.619414 0.999566
Car -1 -1 -1.685220 647.544006 179.312820 689.760254 215.626175 1.582440 1.603494 3.742588 2.725651 1.918635 34.588479 -1.606580 0.996764
Car -1 -1 0.587942 -65.159744 169.768036 337.922485 326.394501 1.715435 1.568489 3.469356 -5.666588 1.678384 8.627906 0.006819 0.995254
Car -1 -1 3.074950 358.245544 183.828018 473.212891 229.474518 1.466659 1.594716 3.907840 -6.738774 1.855791 25.084614 2.812504 0.877962
Car -1 -1 -0.106595 153.768158 172.239639 356.072540 267.677704 1.662448 1.595848 3.724065 -7.067097 1.683311 14.547335 -0.558819 0.872279
Car -1 -1 -2.355872 -446.293823 202.631149 161.820160 410.557343 1.531082 1.462429 3.261098 -6.719766 1.798999 6.422751 3.119320 0.765171
