Car -1 -1 -0.996833 12.435025 190.224823 397.428406 396.091553 1.437781 1.555010 3.520860 -3.459113 1.509272 6.975740 -1.457177 0.999970
Car -1 -1 -1.326857 405.523407 184.215988 506.716217 256.706604 1.559040 1.637315 3.590868 -3.743738 1.573240 18.042620 -1.531448 0.999849
Car -1 -1 -1.822294 695.865295 192.926376 802.686768 264.742188 1.374970 1.583927 3.416995 3.071514 1.599799 16.489495 -1.638133 0.999833
Car -1 -1 -1.273377 363.539368 185.880493 431.270508 226.331589 1.444623 1.593944 3.818930 -8.452441 1.523678 29.107192 -1.555995 0.999444
Car -1 -1 -1.659558 470.413055 185.965332 531.377197 230.074448 1.464660 1.621060 3.989376 -3.960667 1.522756 26.943209 -1.805514 0.999435
Car -1 -1 -1.688036 648.468994 185.281342 691.726379 219.385178 1.424597 1.614810 4.066516 2.851899 1.487993 34.228524 -1.604908 0.998094
Car -1 -1 -1.620354 587.198120 182.237045 613.420532 206.899567 1.594773 1.749745 3.829367 -0.594964 1.439480 52.807110 -1.631620 0.947989
Car -1 -1 -1.385535 502.261963 185.679382 541.877686 215.612305 1.489178 1.616786 4.020072 -4.801772 1.581180 41.062611 -1.501944 0.854675
Car -1 -1 1.112860 275.283691 188.757324 339.718597 223.948700 1.454472 1.453742 3.411509 -14.173052 1.683900 33.830941 0.716136 0.807852
Car -1 -1 -1.489555 528.959106 183.962830 555.994019 209.276733 1.540934 1.621227 3.813890 -4.629249 1.548130 50.982667 -1.580108 0.780188
