Pedestrian -1 -1 -0.894187 993.314636 142.159698 1110.203003 335.188538 1.699521 0.472291 0.886933 4.106396 1.362963 6.584686 -0.336575 0.999565
Pedestrian -1 -1 0.486102 786.338135 144.974365 894.449829 329.020752 1.789642 0.779229 0.819388 2.414858 1.447795 7.423934 0.800587 0.999330
Pedestrian -1 -1 -1.076489 908.819763 144.846298 1019.554504 338.744080 1.772744 0.626719 0.915332 3.425694 1.444156 6.863782 -0.613563 0.999327
Pedestrian -1 -1 0.336784 700.934265 141.825272 808.886719 333.289642 1.775467 0.819657 0.861012 1.452033 1.419942 7.087599 0.538858 0.999019
Pedestrian -1 -1 1.426225 502.867920 144.456146 570.131897 324.406921 1.771331 0.599425 0.885921 -0.798438 1.424486 7.597204 1.321513 0.998478
Pedestrian -1 -1 -1.975142 627.200134 158.653961 695.880920 294.053955 1.634122 0.604521 0.840616 0.673190 1.382788 9.157556 -1.901762 0.997622
Pedestrian -1 -1 2.800484 242.377151 135.465698 307.953613 262.679993 1.911125 0.725873 0.761688 -5.371801 1.247793 11.412184 2.360544 0.997220
Pedestrian -1 -1 1.311638 548.395203 149.705780 612.022888 306.870270 1.682387 0.526453 0.875136 -0.345822 1.361636 8.170176 1.269336 0.996490
Pedestrian -1 -1 -2.084448 660.163330 147.876129 730.443298 288.966461 1.699639 0.588028 0.822019 1.124292 1.313815 9.227922 -1.963210 0.996383
Pedestrian -1 -1 1.923326 581.369812 139.589310 642.791138 301.556549 1.758281 0.513643 0.877656 0.011808 1.312134 8.247540 1.924758 0.995729
Pedestrian -1 -1 -0.847027 883.447571 163.140274 928.315430 236.890457 1.693771 0.557122 0.864158 7.170720 1.300806 16.938863 -0.446573 0.975477
Pedestrian -1 -1 -0.083440 1099.071777 160.796356 1336.309326 510.657684 1.734728 0.653788 0.965635 3.286925 1.615660 3.958802 0.609495 0.946626
Pedestrian -1 -1 -0.354579 613.763916 142.285721 645.626770 210.487305 1.760870 0.537511 0.702768 0.616949 0.789036 18.927318 -0.321994 0.908136
Pedestrian -1 -1 -2.047312 487.993652 142.707260 523.710266 216.954956 1.746150 0.582749 0.813770 -2.508078 0.855988 17.627688 -2.188644 0.901745
