Pedestrian -1 -1 -1.739857 811.551819 156.408905 928.088501 344.022827 1.777480 0.968082 0.976118 2.699374 1.539614 7.364338 -1.388518 0.998248
Pedestrian -1 -1 -2.853784 734.787598 165.319138 834.447388 342.344391 1.698741 0.834231 0.844930 1.858091 1.546825 7.507811 -2.611171 0.998039
Pedestrian -1 -1 2.090862 1063.798828 143.145279 1187.035400 293.725555 1.782930 0.768673 1.091545 6.278638 1.316323 8.691668 2.716447 0.997936
Car -1 -1 1.714641 429.525116 161.185730 500.721741 228.901413 2.087532 1.760364 4.455502 -4.729863 1.411838 25.176861 1.528940 0.997706
Pedestrian -1 -1 -1.498374 -24.000002 171.453995 96.792923 349.268524 1.764731 0.900381 0.946958 -6.123706 1.672259 7.739968 -2.167714 0.996760
Pedestrian -1 -1 -2.921572 352.734894 169.822906 414.703461 273.675171 1.802191 0.756117 0.903358 -3.989781 1.602179 13.027643 3.064428 0.995861
Pedestrian -1 -1 -3.055168 1154.924316 142.038879 1263.621704 283.907227 1.730930 0.756030 1.006567 7.682833 1.249382 9.150618 -2.356744 0.994778
Pedestrian -1 -1 1.913157 994.235535 150.482147 1055.006592 271.317383 1.737831 0.628139 0.565124 6.265961 1.280938 10.713359 2.442380 0.994494
Pedestrian -1 -1 -1.279412 648.090942 167.891830 686.996155 241.694672 1.723921 0.760463 0.882332 1.584180 1.410838 17.656613 -1.189930 0.992664
Pedestrian -1 -1 -1.160993 390.884064 171.811996 436.980621 254.818069 1.740255 0.682989 0.929292 -4.161817 1.535952 15.875112 -1.417383 0.989129
Car -1 -1 1.566120 531.060608 168.344315 563.975830 201.380630 1.771116 1.845689 4.170695 -3.225707 1.055972 42.673581 1.490674 0.958931
Pedestrian -1 -1 1.359670 432.528900 170.717087 467.485901 246.504196 1.796438 0.707348 0.826183 -3.849516 1.540912 17.999470 1.148976 0.932515
Pedestrian -1 -1 1.169727 679.227783 172.480057 708.603088 228.293686 1.687500 0.750140 0.771937 2.992433 1.454074 23.619670 1.295748 0.910865
