Car -1 -1 1.917149 259.873657 193.130157 389.003204 272.965607 1.485839 1.590607 3.719233 -6.500094 2.022143 16.704060 1.546046 0.999904
Car -1 -1 2.161342 -50.048725 206.566086 361.229462 426.594299 1.397591 1.578048 3.563383 -3.929149 1.816289 6.995402 1.649579 0.999777
Car -1 -1 -1.720340 665.341064 179.241730 737.227295 234.417633 1.544488 1.677582 3.973701 2.768712 1.775928 22.990941 -1.600491 0.999726
Car -1 -1 2.596422 869.926514 157.448807 1119.855835 242.772202 1.633408 1.678432 4.363320 7.737823 1.330701 14.875511 3.076077 0.998989
Car -1 -1 -1.253654 400.458984 185.448151 477.224182 235.462280 1.623522 1.609402 3.999077 -6.268814 2.130538 26.754660 -1.483810 0.998792
Car -1 -1 2.757058 770.219666 165.490448 916.869446 214.963120 1.659285 1.669289 4.498414 8.075758 1.412530 25.358042 3.065372 0.995618
Car -1 -1 1.379348 467.833191 183.673691 514.859741 215.846252 1.516594 1.582845 3.781178 -6.286643 2.135782 38.289983 1.216615 0.994465
Car -1 -1 -0.859013 1060.842285 150.914124 1158.889526 188.407104 1.629854 1.614192 3.458921 22.340535 0.692389 32.217187 -0.252707 0.953165
Car -1 -1 -3.033852 837.052734 165.163712 973.346863 215.856476 1.626020 1.683497 4.270471 10.437794 1.392031 25.590773 -2.646577 0.941304
Car -1 -1 -1.123533 1181.891968 138.854355 1270.137085 179.239441 1.654241 1.631453 3.588913 27.541222 0.226281 32.297253 -0.417449 0.871902
Car -1 -1 0.060675 1106.891235 148.162781 1204.413818 187.017639 1.606451 1.599873 3.246930 23.315055 0.596821 30.932503 0.706566 0.851824
Car -1 -1 0.042343 1013.315125 156.558670 1106.332886 189.814590 1.537418 1.536502 3.879842 21.997715 0.818337 35.330262 0.599237 0.777630
