Car -1 -1 2.101240 55.537025 201.573303 330.595215 329.634613 1.407491 1.694984 4.297353 -6.076679 1.941427 11.167069 1.602891 0.999964
Car -1 -1 -1.855535 729.834106 177.908432 890.483765 278.824646 1.468496 1.603029 3.701957 3.179660 1.557645 12.356930 -1.603681 0.999922
Car -1 -1 1.919738 313.219971 192.171051 440.531921 261.132996 1.432597 1.672554 4.315793 -5.844995 1.980906 18.453105 1.612988 0.999905
Car -1 -1 -1.754292 696.006775 176.537552 792.516479 246.014893 1.512264 1.618334 4.028547 3.143746 1.621834 17.919308 -1.580621 0.999758
Car -1 -1 1.853944 397.842285 185.538376 478.146179 237.948730 1.486980 1.558408 3.900741 -5.635991 1.947420 23.832862 1.621730 0.999738
Car -1 -1 1.825699 464.056549 184.069839 516.937988 220.218643 1.463440 1.507480 3.677000 -5.481625 2.027947 33.210866 1.662118 0.997907
Car -1 -1 -1.662579 669.655457 176.898163 724.781738 222.483521 1.536577 1.635535 3.851372 3.167768 1.714396 26.965131 -1.545639 0.997867
Car -1 -1 2.637388 1031.172974 145.142105 1308.082886 241.575882 1.714369 1.636528 3.865033 10.454796 1.239998 13.801216 -2.997496 0.997624
Car -1 -1 1.361481 509.192444 179.524612 543.848938 204.676132 1.551767 1.614332 3.713236 -5.814968 2.072081 49.976289 1.245647 0.989710
Car -1 -1 -1.666875 650.379395 179.129593 682.080750 207.147186 1.465130 1.534086 3.660314 3.184825 1.865292 42.244046 -1.591627 0.934660
Car -1 -1 0.816291 938.743103 162.781464 1080.030151 217.335159 1.528927 1.703162 4.215119 12.692635 1.255209 23.142400 1.317949 0.902369
