Car -1 -1 1.730520 531.498108 173.437546 603.472778 230.178085 1.530338 1.619397 3.904825 -0.985235 1.314691 21.999192 1.685765 0.998995
Pedestrian -1 -1 -2.980194 856.200012 159.453293 952.838074 321.145660 1.764572 0.723452 0.930855 3.514880 1.542541 8.414963 -2.584528 0.998877
Pedestrian -1 -1 -1.976591 940.367737 160.690842 1090.067627 440.003357 1.634911 0.604137 0.770515 2.551479 1.492964 4.551465 -1.465658 0.998661
Pedestrian -1 -1 -3.072623 788.899841 164.473663 889.732117 378.473267 1.672431 0.659836 0.897433 1.954561 1.537639 6.100457 -2.762561 0.998287
Pedestrian -1 -1 -3.134771 667.352661 167.459641 759.769409 334.703247 1.679808 0.792477 0.930902 1.167432 1.546064 7.870997 -2.987524 0.998091
Pedestrian -1 -1 2.043600 741.366272 166.252640 806.211914 283.841827 1.717049 0.662652 0.877623 2.627962 1.517169 11.142021 2.275227 0.996230
Pedestrian -1 -1 -1.970353 991.294678 139.498413 1252.702393 579.948120 1.765381 0.729665 1.033393 2.367612 1.594420 3.412459 -1.363791 0.993986
Pedestrian -1 -1 -1.272746 485.489563 157.592651 545.952637 270.816650 1.829672 0.830925 0.969199 -1.529764 1.456503 12.480302 -1.394711 0.988008
Pedestrian -1 -1 -0.271221 1030.098145 152.377136 1177.806152 462.195709 1.725383 0.542741 0.615114 2.941522 1.583997 4.317148 0.326883 0.873831
Pedestrian -1 -1 -1.705432 423.578461 166.830673 471.082825 259.350616 1.737138 0.855604 0.679290 -3.136043 1.476869 14.436014 -1.919345 0.799925
