Car -1 -1 1.755495 474.156433 166.050491 539.401245 223.436646 2.072948 1.805173 4.644699 -3.733214 1.498704 28.892382 1.626996 0.998948
Pedestrian -1 -1 -1.315357 834.743347 147.076294 975.674011 392.079803 1.822775 0.901547 0.968644 2.454475 1.575774 5.948629 -0.924026 0.998619
Pedestrian -1 -1 -1.268838 740.207336 166.693115 866.522461 391.710388 1.721493 0.827667 0.976002 1.672157 1.626114 6.146373 -1.003211 0.998361
Pedestrian -1 -1 -0.363166 155.142212 155.765442 312.393494 373.360962 1.810335 0.966970 1.010545 -3.452225 1.603336 6.647394 -0.842161 0.997545
Pedestrian -1 -1 0.185699 1100.549316 147.288635 1183.344238 266.346252 1.797297 0.605797 0.943920 8.481911 1.279418 11.329831 0.828326 0.997158
Pedestrian -1 -1 -1.041385 629.302551 167.594574 680.791687 253.829483 1.792291 0.763655 1.008605 1.127452 1.513691 15.780241 -0.970059 0.994948
Pedestrian -1 -1 -1.304677 718.301819 167.315506 759.104797 246.393738 1.760519 0.764474 0.886868 3.189547 1.450237 16.919774 -1.118354 0.991832
Pedestrian -1 -1 -0.757603 1152.427979 145.669296 1219.964600 248.126068 1.776828 0.608602 0.718949 10.788646 1.172873 13.293727 -0.075853 0.953408
Pedestrian -1 -1 -1.223566 1171.010254 150.010117 1203.825806 220.215210 1.749384 0.533333 0.484577 14.964357 0.957221 18.398074 -0.540728 0.817648
Pedestrian -1 -1 2.690540 681.490173 174.914078 705.421265 216.520676 1.703291 0.697454 0.850886 4.051888 1.483220 31.890700 2.816918 0.817135
Pedestrian -1 -1 -0.212361 432.186615 173.888977 462.124054 229.261780 1.748885 0.847377 0.772833 -5.153303 1.524595 23.755917 -0.425979 0.790361
