Car -1 -1 1.984215 201.614639 198.879654 371.085815 296.186005 1.409484 1.557980 3.624882 -5.906885 1.985040 13.548735 1.573087 0.999931
Car -1 -1 1.915543 317.863617 193.364365 426.104370 259.877655 1.455344 1.567328 3.601765 -6.192251 2.046434 18.972661 1.600066 0.999889
Car -1 -1 2.203795 -152.080200 206.384415 264.515045 402.870605 1.523114 1.611228 3.902535 -5.740791 1.992856 8.175600 1.591603 0.999854
Car -1 -1 1.824868 447.166718 186.181824 505.502625 223.295715 1.396336 1.561016 3.955559 -5.794368 2.031204 31.526688 1.643104 0.999583
Car -1 -1 1.860631 390.327545 189.138809 468.535034 238.082733 1.420850 1.581111 3.959666 -6.141354 2.036289 24.856328 1.618408 0.999534
Car -1 -1 -1.451448 667.961426 174.398361 731.868347 220.308914 1.511393 1.654605 3.729143 3.169166 1.584722 26.270901 -1.331394 0.998866
Car -1 -1 2.721674 843.613464 149.406616 1017.794861 210.494293 1.626623 1.644659 4.100628 9.000834 1.004859 20.457164 3.136168 0.997416
Car -1 -1 1.827385 504.547272 181.645828 542.585449 206.706650 1.507689 1.630341 3.908220 -5.885088 2.170971 49.170365 1.708264 0.983793
Car -1 -1 2.743768 772.908020 158.475647 906.263367 204.123398 1.578634 1.678013 4.183348 8.562192 1.098293 27.165545 3.049098 0.960379
Car -1 -1 0.042228 1142.556885 134.580734 1267.624146 179.501770 1.665558 1.615740 3.812974 23.414751 0.208651 28.512915 0.729762 0.925364
