Car -1 -1 1.666268 537.603271 176.642715 575.535156 206.939560 1.500545 1.687042 4.143509 -2.443588 1.265137 39.484925 1.604461 0.999181
Pedestrian -1 -1 -1.227094 705.200806 162.986664 742.494202 238.030014 1.760560 0.703298 0.910296 3.027260 1.342995 18.052888 -1.060952 0.996868
Pedestrian -1 -1 2.972487 437.169708 170.219162 470.910736 235.438248 1.788636 0.722351 0.835119 -4.165087 1.482067 20.184331 2.768991 0.993672
Pedestrian -1 -1 -1.757291 674.568054 168.448441 714.348816 254.016006 1.679124 0.666746 0.871825 1.878700 1.428443 14.834955 -1.631321 0.992789
Pedestrian -1 -1 1.867747 412.210602 171.112289 446.668335 234.775940 1.720280 0.716645 0.885654 -4.831358 1.451368 20.107409 1.631939 0.991004
Pedestrian -1 -1 -1.559144 627.183044 166.416733 666.303650 259.570343 1.730370 0.740077 1.009115 0.858222 1.467743 14.217989 -1.498856 0.985813
Pedestrian -1 -1 -1.271730 739.546448 159.322037 771.008118 222.774200 1.801027 0.689909 1.023241 4.687592 1.176534 22.031203 -1.062086 0.982102
Pedestrian -1 -1 -1.497849 605.533508 165.480881 634.864380 227.477493 1.856225 0.858966 0.943179 0.574685 1.380251 22.422875 -1.472226 0.971100
Pedestrian -1 -1 1.218021 721.869263 160.722275 757.950989 228.060196 1.786158 0.726711 0.995002 3.894284 1.227047 20.461211 1.406097 0.969284
Pedestrian -1 -1 2.100252 -37.982635 143.614639 258.251404 648.565491 1.711285 0.588418 0.914247 -1.890846 1.582013 2.833021 1.511720 0.910598
