Car -1 -1 -1.976057 551.324707 207.907562 804.192261 357.672546 1.346793 1.673084 4.233312 0.476419 1.914136 9.569342 -1.926312 0.999929
Car -1 -1 1.753571 105.570206 212.815781 236.384811 314.053162 1.463557 1.546138 3.508738 -8.420219 2.360528 14.003841 1.212211 0.999752
Car -1 -1 -1.824996 499.852234 205.846420 628.765442 303.009369 1.416946 1.558859 3.792511 -1.094035 2.133807 13.822261 -1.903982 0.999738
Car -1 -1 -1.761573 442.159851 197.271149 534.041382 272.800049 1.598876 1.627819 3.781922 -3.265818 2.298019 18.495404 -1.936346 0.999708
Car -1 -1 1.658683 214.198135 195.161011 286.651917 263.131775 1.851492 1.727989 4.279680 -11.790686 2.664587 23.735284 1.197633 0.999648
Car -1 -1 1.879815 -180.096573 213.629517 195.037598 447.906738 1.385807 1.587426 3.731686 -5.279416 1.882900 6.898421 1.226589 0.999320
Car -1 -1 -2.773709 664.815308 204.972061 1216.796387 537.277466 1.446816 1.604174 3.642941 1.947051 1.749950 5.238329 -2.417840 0.996857
Car -1 -1 -1.642194 406.138489 202.810013 450.190735 244.893509 1.481511 1.600213 3.972068 -7.907589 2.849038 30.805785 -1.893461 0.995868
Car -1 -1 1.624571 276.936035 201.978836 310.885986 231.154480 1.467259 1.643929 3.864140 -18.896220 3.312439 43.191636 1.212163 0.988407
Car -1 -1 -1.783166 418.226837 202.993866 484.997742 254.295319 1.467310 1.626582 3.729489 -5.812916 2.619002 25.763158 -2.005079 0.846854
