Car -1 -1 -1.926025 768.715454 179.255112 1001.428040 339.465576 1.622004 1.608789 3.575709 3.149434 1.722615 9.248637 -1.597812 0.999850
Car -1 -1 -1.726438 683.821167 184.150620 750.550293 234.373505 1.389020 1.543885 3.651729 3.295933 1.790957 23.067343 -1.584515 0.999262
Car -1 -1 -2.838038 119.854134 183.660126 371.696350 272.510223 1.484339 1.586623 3.945235 -6.671273 1.708402 13.432674 2.984188 0.999207
Car -1 -1 -2.436760 253.813065 181.063232 434.244812 255.294312 1.511150 1.572209 3.671695 -5.949447 1.715403 16.095975 -2.790809 0.998934
Car -1 -1 -0.897224 364.739105 182.971191 485.532227 234.688553 1.460767 1.620960 3.937739 -5.715285 1.786180 22.371459 -1.147347 0.997763
Car -1 -1 -2.220527 417.764252 179.107590 514.638672 221.217804 1.478126 1.598356 4.050732 -5.523522 1.739596 27.550017 -2.418394 0.992550
Car -1 -1 -2.654887 -292.720367 186.228348 235.912338 343.180298 1.534588 1.679615 4.052365 -7.028992 1.734410 8.264802 2.923529 0.991653
Car -1 -1 -0.855346 738.148804 183.026581 817.894775 218.326874 1.368753 1.465065 3.629265 7.135761 1.836817 31.036050 -0.629356 0.966340
Car -1 -1 1.491529 638.190674 164.186783 673.159241 201.634415 1.799975 1.584396 3.177901 2.279178 1.401024 37.437466 1.552334 0.925555
Car -1 -1 -1.180240 496.977539 175.844788 548.913574 202.839264 1.434720 1.550105 3.907132 -5.129282 1.660861 42.257523 -1.301031 0.753280
