Car -1 -1 1.461689 528.141357 171.731003 585.478699 222.282806 2.045609 1.828881 4.698018 -1.978748 1.647771 32.117447 1.400157 0.999270
Pedestrian -1 -1 -2.854458 736.584656 164.389587 864.648682 401.179993 1.731313 0.780942 0.864399 1.552793 1.609332 5.834963 -2.594367 0.998867
Pedestrian -1 -1 -1.189355 1030.049438 166.219330 1119.291626 325.352753 1.618237 0.593469 0.703137 5.029383 1.472177 7.720861 -0.611995 0.998664
Pedestrian -1 -1 -1.131208 801.769409 153.268387 955.714844 398.542603 1.809898 0.927720 1.002191 2.238426 1.620146 6.003034 -0.774296 0.998318
Pedestrian -1 -1 -1.933160 161.451645 162.177444 313.663239 390.644867 1.790667 0.881519 1.013977 -3.236224 1.647498 6.279550 -2.409020 0.998219
Car -1 -1 1.621949 599.347351 174.421005 631.791077 204.430649 1.679574 1.783040 3.826227 0.892100 1.287178 44.396424 1.642041 0.992297
Pedestrian -1 -1 -3.059294 1162.889893 153.909485 1220.874390 239.079575 1.825554 0.575040 0.902429 12.833009 1.240321 15.633978 -2.371974 0.987890
Pedestrian -1 -1 1.164397 484.812317 175.648438 513.820129 228.326050 1.758819 0.712992 0.878651 -3.551389 1.584627 24.844496 1.022414 0.955705
Cyclist -1 -1 0.986745 353.106384 176.021881 422.943359 269.442200 1.724026 0.564565 1.523159 -4.170080 1.622650 13.902667 0.695336 0.943319
Pedestrian -1 -1 2.142660 895.561340 169.755295 935.690979 234.447510 1.611029 0.660157 0.723198 8.238655 1.313459 18.884921 2.554025 0.933817
