Car -1 -1 -0.969620 -109.246712 196.105072 270.501617 384.809967 1.655548 1.628885 3.861905 -5.748314 1.964012 8.567405 -1.560583 0.999903
Car -1 -1 1.891744 347.928314 185.990158 453.607819 250.507950 1.505503 1.635820 3.978549 -5.679446 1.911487 19.881030 1.613483 0.999879
Car -1 -1 1.404978 414.655243 184.795013 485.311707 232.209625 1.456231 1.559972 3.922153 -5.610714 1.920343 25.414387 1.187694 0.999570
Car -1 -1 1.412973 484.046417 182.286774 528.493469 213.061005 1.467606 1.619165 3.713938 -5.484915 1.997512 38.140515 1.270145 0.992448
Car -1 -1 1.429720 444.998627 181.974579 502.836365 224.309860 1.563725 1.558170 3.762054 -5.606090 1.981204 30.116481 1.245680 0.992144
Car -1 -1 1.454016 503.281616 180.524734 541.032349 207.382004 1.483067 1.661042 3.899055 -5.382825 1.999015 44.580228 1.333853 0.989024
Car -1 -1 -0.746362 1096.011353 138.636169 1220.448853 179.228027 1.525708 1.624115 3.854387 21.935320 0.202440 28.952916 -0.098001 0.973489
Car -1 -1 -1.681689 663.740051 172.247345 707.881042 206.004913 1.481808 1.691021 3.764202 3.537151 1.484530 34.517293 -1.579571 0.965052
Car -1 -1 -1.001334 1007.190247 146.887848 1073.717651 176.243973 1.586220 1.656691 3.736668 25.203533 0.150004 42.361626 -0.464627 0.943941
Car -1 -1 2.779946 762.629883 157.500595 882.252136 195.592804 1.545042 1.618242 4.487157 9.084079 0.923069 31.092847 3.064195 0.894030
Car -1 -1 -0.386908 1043.244141 143.393265 1145.781738 176.554626 1.548453 1.584285 3.710263 23.687406 0.180783 35.370423 0.203189 0.829227
