Car -1 -1 -1.889365 749.432739 188.229919 962.588501 320.369232 1.397603 1.604034 3.943705 3.050369 1.644588 10.040309 -1.594414 0.999978
Car -1 -1 1.823545 299.660767 193.146317 446.900330 301.225037 1.455634 1.513332 3.506265 -3.877463 1.858520 12.246550 1.516914 0.999909
Car -1 -1 -1.763369 675.250854 174.669662 790.415710 263.556824 1.584173 1.638795 3.747947 2.341593 1.635064 14.914058 -1.607635 0.999835
Car -1 -1 1.691412 443.713959 172.022858 512.897095 236.509399 1.868732 1.699797 4.354247 -4.250436 1.878743 23.572821 1.513018 0.999741
Car -1 -1 -1.694543 631.466370 179.926163 683.395386 222.483337 1.437845 1.553815 3.711445 1.676436 1.759184 27.686196 -1.634065 0.999230
Car -1 -1 1.667657 507.613098 178.701187 541.755493 204.973572 1.480642 1.674454 4.035050 -5.356600 1.901277 45.075597 1.549376 0.998308
Car -1 -1 2.081879 -235.572968 197.998886 360.166138 548.919189 1.488762 1.594082 3.788424 -3.324575 1.763067 5.311141 1.522588 0.997446
Car -1 -1 -2.120499 851.072510 199.091278 1493.584595 543.477356 1.371530 1.597952 3.773520 3.111761 1.624085 5.047580 -1.568046 0.985762
Car -1 -1 -1.756564 646.941467 181.293777 716.544250 231.999420 1.418642 1.561574 3.676516 2.109754 1.702533 22.782328 -1.664223 0.974632
Car -1 -1 -1.681730 612.202332 177.631592 641.916260 204.652084 1.615826 1.633869 3.757773 1.020207 1.965501 47.957425 -1.660460 0.933324
