Car -1 -1 -1.852441 733.990356 158.893890 1003.026978 347.249298 1.773431 1.707717 4.420617 2.799073 1.632388 8.948910 -1.549298 0.999931
Car -1 -1 -1.690969 677.678162 175.382172 753.570923 235.797424 1.506906 1.610729 3.854149 2.793927 1.592502 20.082988 -1.552737 0.999597
Car -1 -1 -1.651461 653.244934 173.635254 696.666077 209.670959 1.460715 1.557087 3.471692 2.794913 1.523823 31.668679 -1.563434 0.999398
Car -1 -1 -1.800139 703.344849 180.007034 824.567505 262.291412 1.502035 1.606173 3.922431 3.008846 1.667852 15.200571 -1.604722 0.999386
Car -1 -1 -3.012318 180.172302 174.668854 389.329803 263.190247 1.546075 1.679355 3.785904 -6.375497 1.629539 14.309314 2.851721 0.997496
Car -1 -1 -1.061745 363.508667 178.016968 470.970032 225.834351 1.474214 1.674319 4.011897 -6.525047 1.665584 24.518349 -1.321846 0.975208
Car -1 -1 -1.636686 637.392273 172.348923 667.633911 199.839890 1.534586 1.586887 3.694052 2.500568 1.558103 43.827584 -1.579693 0.959935
Car -1 -1 2.990486 -84.705994 189.758102 254.663483 312.477905 1.441599 1.587618 4.073311 -7.478248 1.728746 10.460519 2.369828 0.949524
Car -1 -1 2.963874 414.783234 172.262100 514.213379 209.433548 1.495373 1.616117 4.018743 -6.376088 1.484501 31.416341 2.763639 0.919703
Car -1 -1 -0.163715 -306.020325 191.176056 234.389954 369.371704 1.453956 1.590921 3.721361 -6.160044 1.661499 7.202944 -0.871227 0.905071
