Car -1 -1 -1.195825 155.836212 194.803864 341.638763 293.254822 1.352707 1.583522 3.688622 -6.074884 1.572848 12.491887 -1.648458 0.999971
Car -1 -1 -1.754716 608.309265 179.805740 718.808838 265.229919 1.574263 1.679224 3.880910 1.023321 1.485810 15.700080 -1.689629 0.999722
Car -1 -1 -1.326918 306.977600 188.557419 409.027740 252.069962 1.386397 1.612538 3.956259 -6.456816 1.522098 18.828150 -1.657284 0.999716
Car -1 -1 -1.603473 501.260406 181.496765 550.078430 226.932053 1.570798 1.665575 4.069510 -3.240270 1.461496 27.874766 -1.719197 0.999490
Car -1 -1 -1.411323 367.324677 184.255264 432.247284 228.051758 1.420891 1.656174 4.047330 -7.644145 1.418662 26.596602 -1.691191 0.999445
Car -1 -1 -1.702853 419.395416 184.257080 460.581543 213.314163 1.381487 1.605644 3.771171 -9.011069 1.371520 38.423287 -1.933211 0.992256
Car -1 -1 -2.198661 59.603493 176.286835 215.291336 253.768188 1.816387 1.805719 4.316690 -12.778415 1.619128 19.822611 -2.771258 0.979126
Car -1 -1 2.057214 -48.579060 178.536743 72.744431 229.100418 1.489139 1.541474 3.519620 -19.897354 1.319185 24.050381 1.366035 0.889203
Car -1 -1 0.999983 -325.794098 209.068512 141.153320 421.400513 1.485243 1.607270 3.534348 -6.539887 1.769743 6.842878 0.237222 0.853160
Car -1 -1 -1.908117 269.373566 184.823151 332.231171 220.129593 1.470912 1.540273 3.953600 -14.228984 1.497332 33.296559 -2.311969 0.767527
Car -1 -1 -1.995308 51.978989 175.220810 156.166855 225.935715 1.701369 1.737004 4.412262 -20.184365 1.421090 28.730996 -2.607730 0.764179
