Car -1 -1 1.704701 405.287445 156.777008 485.590149 229.865524 2.110626 1.868964 4.729383 -5.060549 1.354610 23.525544 1.492821 0.999637
Pedestrian -1 -1 2.069727 1055.010376 144.737442 1177.017090 310.302917 1.792900 0.744130 1.033368 5.825288 1.391227 8.216876 2.686429 0.998522
Pedestrian -1 -1 3.021691 790.414612 155.170273 898.230957 330.711395 1.800199 0.965366 0.962774 2.631135 1.530265 7.958246 -2.942190 0.998396
Pedestrian -1 -1 -1.327922 711.865845 164.350952 799.554382 334.705078 1.708092 0.787666 0.892532 1.628658 1.545576 7.834721 -1.122964 0.998135
Pedestrian -1 -1 0.439496 1017.414124 147.745667 1086.179932 285.951324 1.752725 0.614726 0.585606 5.930433 1.312626 9.550028 0.995204 0.995713
Pedestrian -1 -1 -3.125722 275.838165 163.261017 344.225769 279.098175 1.835853 0.733160 1.035071 -4.944360 1.544593 12.112375 2.769902 0.995450
Car -1 -1 1.571131 521.140564 165.441010 558.162354 203.366501 1.835122 1.822117 4.216869 -3.250010 1.039645 37.733880 1.485213 0.993984
Pedestrian -1 -1 -2.988728 1111.701172 138.283661 1208.536499 293.188721 1.776554 0.745012 0.820137 6.672456 1.277370 8.642157 -2.331244 0.980517
Pedestrian -1 -1 -1.949438 619.743042 168.118896 662.356445 239.383179 1.749660 0.779519 1.041684 0.988936 1.445486 18.726248 -1.896677 0.964150
Pedestrian -1 -1 1.216460 383.342102 170.968628 433.819946 262.417389 1.708746 0.670288 0.931993 -3.765877 1.500079 13.879306 0.951509 0.953487
Pedestrian -1 -1 1.229423 361.443573 168.035110 404.228760 253.819229 1.693403 0.610726 0.958714 -4.676298 1.448472 15.284809 0.932522 0.939634
Pedestrian -1 -1 2.686420 797.131775 162.048706 825.749329 214.942413 1.749859 0.698840 0.746165 7.262762 1.100468 24.888281 2.970350 0.832024
Pedestrian -1 -1 -0.306011 234.345688 168.244141 262.351257 226.128799 1.744316 0.670264 0.658276 -11.372896 1.360726 23.109063 -0.763351 0.807572
Pedestrian -1 -1 -1.867967 669.849731 173.296387 697.338989 228.000519 1.668664 0.698304 0.629319 2.569519 1.457209 22.798466 -1.755735 0.778948
