Car -1 -1 1.318643 821.535522 174.915451 931.294922 246.528244 1.498133 1.587877 3.859859 6.338671 1.579411 17.685006 1.662800 0.999828
Car -1 -1 -1.943486 337.608521 195.545044 467.997498 266.262390 1.353484 1.586342 3.744814 -5.055759 1.939111 16.917365 -2.233888 0.999817
Car -1 -1 -2.194092 481.457916 162.835587 751.220337 322.461731 1.763845 1.629187 3.825759 -0.222879 1.675981 10.030018 -2.216309 0.999776
Car -1 -1 1.559649 730.189026 172.810791 806.365540 241.690414 1.615955 1.746163 4.120882 4.194004 1.645337 19.452580 1.772000 0.999627
Car -1 -1 -1.731165 223.854111 190.869095 288.946930 231.150391 1.378363 1.620445 4.169834 -14.469606 2.169658 29.223847 -2.190909 0.998896
Car -1 -1 -2.708395 404.958130 177.294647 501.051056 217.369797 1.736952 1.621054 3.838907 -7.308815 1.974915 33.326836 -2.924284 0.998348
Car -1 -1 1.695794 -11.003304 190.929520 44.483879 227.285965 1.566733 1.664719 3.703455 -29.346629 2.513316 35.720643 1.008044 0.992540
Car -1 -1 -1.598121 175.751801 182.390320 203.005966 207.622757 1.753298 1.727060 5.021502 -32.935978 2.569120 56.438042 -2.126378 0.976099
Car -1 -1 -1.682132 207.613724 188.883057 258.454926 223.841278 1.437502 1.683793 4.187331 -18.122709 2.272629 34.583119 -2.164821 0.974074
Car -1 -1 0.354290 911.783264 170.318085 1050.433838 216.847260 1.549375 1.571990 4.180891 13.585527 1.506847 26.683207 0.825224 0.793262
