Car -1 -1 -1.204964 214.184677 180.009293 458.486664 331.089996 1.485830 1.604999 3.798055 -3.224650 1.512779 9.151169 -1.543754 0.999942
Pedestrian -1 -1 -2.989536 123.450912 179.678482 172.012512 251.370621 1.671624 0.524068 0.923576 -11.012398 1.668287 16.971078 2.718053 0.996778
Pedestrian -1 -1 -0.713172 148.680344 177.777939 196.823959 246.678558 1.701899 0.493192 0.943401 -11.066304 1.629853 18.074199 -1.262565 0.995995
Pedestrian -1 -1 3.057895 68.789101 172.945328 130.307495 260.304382 1.804286 0.616490 1.041074 -11.069902 1.659896 15.427415 2.435489 0.994758
Pedestrian -1 -1 -0.546894 586.123047 152.769547 649.554565 242.315140 1.858274 0.674378 1.181210 0.238987 1.281689 15.424126 -0.531401 0.993299
Car -1 -1 1.480325 464.089874 168.602310 493.895752 191.561111 1.487562 1.660761 4.255441 -9.024117 0.687271 50.604207 1.303853 0.992042
Cyclist -1 -1 -2.019344 895.156433 147.799835 936.420898 200.771225 1.713664 0.627730 1.747999 10.793798 0.651008 24.693852 -1.607265 0.987628
Pedestrian -1 -1 1.074949 234.781219 166.617050 264.212860 223.981247 1.756644 0.536647 0.818746 -11.824483 1.329908 23.435321 0.607662 0.948053
Cyclist -1 -1 -1.848139 1185.820801 141.767365 1249.363770 205.760025 1.737536 0.749859 2.120180 17.640995 0.638289 20.391990 -1.134947 0.911059
Pedestrian -1 -1 -0.589310 394.227509 159.595108 435.528564 228.727020 1.820162 0.589510 0.897573 -5.326354 1.263197 19.682797 -0.853590 0.788249
