Car -1 -1 -1.677517 634.793396 189.787384 673.571350 220.904495 1.413148 1.571891 4.196110 2.229380 2.360291 37.970505 -1.618871 0.999331
Car -1 -1 2.231780 805.977112 193.299347 976.893555 277.429565 1.463185 1.588316 3.345810 5.651310 1.920407 14.657472 2.599775 0.998904
Car -1 -1 2.770707 397.470642 189.026627 506.173431 224.922501 1.472839 1.607209 3.987293 -7.005699 2.235418 31.815568 2.553969 0.998599
Car -1 -1 0.399437 724.245422 186.783249 847.306824 234.970657 1.584504 1.563511 4.010983 6.539082 2.177266 27.300742 0.634529 0.998549
Car -1 -1 -2.489277 85.658730 190.830368 375.977814 296.152893 1.450896 1.613985 3.830616 -6.084519 1.783870 11.556792 -2.973890 0.995511
Car -1 -1 -1.120897 874.942566 193.595337 1046.800415 294.770721 1.462927 1.571790 3.499857 6.243366 1.892064 13.002330 -0.673236 0.992928
Car -1 -1 -0.074821 742.348938 191.828888 910.089600 253.041809 1.447255 1.587374 3.996977 5.428994 1.966292 18.657294 0.208345 0.982622
Car -1 -1 -1.233064 8.377701 193.878311 253.149063 318.367554 1.437662 1.571441 3.668072 -7.096268 1.804363 10.768996 -1.815708 0.978998
Cyclist -1 -1 1.775125 529.878296 184.488983 551.504089 227.330780 1.676736 0.545916 1.868782 -3.022161 2.233526 31.011481 1.677979 0.973574
Car -1 -1 -2.375334 253.122543 180.420807 427.317841 252.271454 1.560342 1.649333 3.981408 -6.547535 1.787071 17.466042 -2.733993 0.960488
