Car -1 -1 2.783615 403.987610 185.187271 511.825043 221.285156 1.483244 1.650017 4.068718 -6.617141 2.049606 31.472985 2.576385 0.999251
Car -1 -1 0.410859 722.659058 183.628799 833.680115 227.195206 1.567229 1.557854 3.949028 6.669436 2.053440 29.185738 0.635518 0.998790
Car -1 -1 -1.696764 634.245483 186.165131 673.235229 215.823303 1.409345 1.594305 4.150266 2.264709 2.175595 39.101769 -1.638910 0.998731
Car -1 -1 -2.462710 127.405273 187.923706 374.383057 282.191650 1.427135 1.558389 3.696021 -6.050980 1.706715 12.273373 -2.920756 0.997954
Car -1 -1 -0.933414 794.434265 188.317062 940.558533 262.912537 1.435642 1.578985 3.091549 5.623847 1.832327 15.949656 -0.594425 0.997381
Car -1 -1 0.565626 -384.636292 175.053833 262.650909 379.061615 1.662725 1.661376 4.084074 -6.027660 1.704623 6.843481 -0.156473 0.997062
Car -1 -1 -2.055621 844.664368 206.161697 1423.488892 546.175232 1.370543 1.590039 3.596657 2.934598 1.691366 5.126584 -1.535722 0.993356
Car -1 -1 3.056505 273.085541 176.601242 429.410187 241.039444 1.538888 1.645018 3.853770 -6.732359 1.660585 18.868401 2.713780 0.988569
Cyclist -1 -1 1.827197 534.886597 181.543381 556.214600 221.000778 1.666134 0.561316 1.712006 -2.953241 2.104836 32.747056 1.737257 0.952788
Car -1 -1 -1.036552 870.322327 188.399948 1031.041992 267.400879 1.454263 1.655267 3.773241 7.586723 1.857615 16.174500 -0.597966 0.917878
Car -1 -1 0.781465 744.741516 187.466141 883.640076 243.415451 1.442955 1.579383 3.933387 5.767620 1.913559 20.850009 1.051340 0.825575
