Car -1 -1 -1.735693 705.974854 188.317154 815.202454 269.449738 1.376146 1.559571 3.411660 2.845302 1.716699 14.481876 -1.541691 0.999887
Car -1 -1 0.425427 -8.668386 189.960709 355.634583 308.794739 1.474155 1.593414 3.958190 -6.002863 1.740038 10.183235 -0.107225 0.999185
Car -1 -1 0.369182 770.324280 177.086700 936.679138 239.603500 1.647082 1.599344 3.917000 6.733900 1.773776 20.342179 0.688859 0.999183
Car -1 -1 0.597886 164.247757 188.629303 410.035950 277.995178 1.441044 1.557666 3.847930 -6.130621 1.781089 13.560401 0.173289 0.999121
Car -1 -1 0.722910 286.936981 184.178238 453.856598 248.630615 1.440016 1.664305 4.028858 -5.974249 1.762178 18.077882 0.403736 0.998845
Car -1 -1 -2.408928 366.815521 182.968750 483.172882 228.801575 1.415155 1.625328 3.885583 -6.211206 1.780452 24.353381 -2.658649 0.998797
Car -1 -1 -1.501275 636.305359 179.528168 666.545593 204.342667 1.445550 1.582641 4.202240 2.629133 1.929103 47.030064 -1.445430 0.998662
Car -1 -1 -1.170069 697.801697 179.084625 761.694519 215.084167 1.501886 1.594816 3.967498 5.686383 1.856050 34.274972 -1.005662 0.990152
Car -1 -1 2.749797 409.314941 179.200134 512.006531 216.019958 1.534849 1.663868 4.248652 -6.844524 1.869427 33.185456 2.546399 0.955033
Car -1 -1 -2.294120 -346.366119 199.589172 148.134781 359.637970 1.457220 1.509918 3.493933 -7.488552 1.774553 7.588112 -3.072915 0.830748
