Pedestrian -1 -1 0.998537 18.478432 162.455948 163.329330 417.867981 1.618205 0.556602 0.612382 -3.593869 1.501074 4.984900 0.373887 0.999118
Pedestrian -1 -1 -1.170815 1067.228027 149.365677 1161.804810 322.226715 1.605731 0.615494 0.462990 4.939130 1.292984 6.990434 -0.555703 0.997850
Pedestrian -1 -1 2.828942 472.754059 161.788147 510.901886 235.141586 1.681539 0.696832 0.725997 -2.656244 1.232405 17.171889 2.675472 0.994818
Cyclist -1 -1 1.781765 336.817627 166.630539 441.571838 328.821533 1.669486 0.783646 1.790252 -2.434298 1.500977 8.249571 1.494826 0.992791
Pedestrian -1 -1 1.730238 537.571899 156.235947 570.252625 228.183197 1.815441 0.708003 0.909437 -1.279431 1.193264 18.826443 1.662383 0.991425
Pedestrian -1 -1 -1.807757 807.137085 144.617401 874.731873 256.761841 1.760558 0.772157 1.113024 3.965052 1.175212 11.997825 -1.488576 0.990774
Pedestrian -1 -1 -1.777493 567.576843 156.123978 615.704041 237.998764 1.791445 0.890299 1.056407 -0.268858 1.235407 16.349095 -1.793936 0.986063
Pedestrian -1 -1 -1.236375 614.137146 159.883423 637.694153 207.676422 1.747640 0.725649 0.752966 0.913918 0.954027 27.674876 -1.203363 0.970900
Pedestrian -1 -1 1.807727 503.188141 164.626663 535.153076 230.458847 1.627859 0.663892 0.893417 -2.194480 1.246888 19.022833 1.692874 0.967858
Pedestrian -1 -1 -2.802399 597.795715 160.907227 627.333435 214.804932 1.756493 0.789015 0.868643 0.401705 1.066761 26.196045 -2.787066 0.780667
