Pedestrian -1 -1 -2.314692 966.242859 158.869034 1090.227417 336.143066 1.662432 0.945254 0.490299 4.119072 1.431838 7.019310 -1.784020 0.999664
Pedestrian -1 -1 -1.829911 414.137238 171.771164 448.250183 248.445511 1.804345 0.675959 0.756807 -4.323388 1.605966 18.120701 -2.064120 0.994932
Pedestrian -1 -1 -2.843125 374.595642 170.573700 428.955811 282.363464 1.761578 0.659038 0.752582 -3.486747 1.626810 12.428238 -3.116644 0.988737
Pedestrian -1 -1 1.824940 510.532104 174.337936 542.278442 235.706848 1.656090 0.747001 0.711409 -2.154742 1.461602 20.400424 1.719707 0.986183
Pedestrian -1 -1 1.229344 669.198425 176.451309 701.498535 225.219864 1.527593 0.844403 0.695511 2.659919 1.386802 23.058924 1.344190 0.981148
Pedestrian -1 -1 -0.028184 621.976624 171.796677 647.626648 216.633606 1.685730 0.833268 0.981125 1.275234 1.315125 28.145840 0.017093 0.949172
Pedestrian -1 -1 2.870214 565.163025 173.491684 591.809631 222.491440 1.746627 0.842495 0.812601 -0.877348 1.486141 26.871186 2.837576 0.932407
Pedestrian -1 -1 2.863494 254.183929 146.377365 320.798492 289.135620 1.915256 0.637270 0.722743 -4.656311 1.477639 10.515201 2.446629 0.922144
Pedestrian -1 -1 -0.809314 646.929993 168.220428 672.069092 208.400894 1.731732 0.807986 0.764150 2.629827 1.147929 32.800057 -0.729308 0.841267
Pedestrian -1 -1 -1.298476 633.229553 169.768112 659.427368 213.204849 1.736380 0.814245 0.896265 1.881947 1.237698 29.783007 -1.235371 0.788282
