Car -1 -1 -0.650721 820.178284 190.111557 1054.487549 283.575134 1.443868 1.576292 3.782380 5.644582 1.775782 12.847872 -0.236767 0.999756
Car -1 -1 -1.678446 632.666626 181.000549 687.844849 223.769165 1.394921 1.613036 4.183071 1.754974 1.743124 26.929749 -1.613369 0.999526
Car -1 -1 2.699252 889.927429 185.531891 1297.218384 322.643097 1.521093 1.568876 3.767023 5.555195 1.683642 8.776165 -3.019612 0.997925
Cyclist -1 -1 1.434721 453.533600 179.716904 489.121429 252.130463 1.590174 0.565325 1.786509 -3.408373 1.795816 17.499606 1.242360 0.996886
Car -1 -1 -2.831327 275.339264 181.538696 448.177277 236.827255 1.475372 1.671475 4.406765 -7.135157 1.740291 20.966035 3.123834 0.995038
Car -1 -1 -2.543658 -372.840790 181.723389 209.068314 359.806549 1.623105 1.626460 3.889022 -6.868516 1.722972 7.410919 2.992096 0.991208
Car -1 -1 0.714066 -0.765782 166.308823 283.212616 293.184601 1.756565 1.602426 3.582764 -7.515762 1.693959 11.585346 0.138584 0.988493
Car -1 -1 -1.653449 616.374023 176.628769 649.202637 204.350250 1.441959 1.591781 3.846018 1.259054 1.701537 41.863068 -1.623382 0.981799
Car -1 -1 1.461339 473.690674 176.767334 509.927582 206.009140 1.569946 1.705395 3.780394 -7.139373 1.851756 43.153027 1.297381 0.972928
Car -1 -1 -0.944958 793.146179 172.737976 918.740295 246.272034 1.808804 1.650658 4.055632 6.814209 1.848416 20.526520 -0.624434 0.922033
Car -1 -1 -0.848657 1071.480591 196.988220 1557.309204 387.652252 1.520783 1.541050 3.145775 6.489661 1.755594 6.847600 -0.090090 0.885784
