Car -1 -1 1.704762 546.103516 184.113754 597.310608 224.844437 1.507447 1.658613 4.030780 -1.224328 1.663766 30.439757 1.664563 0.999072
Pedestrian -1 -1 0.412511 955.231873 161.256821 1063.021729 317.281219 1.695709 0.741539 0.845334 4.610147 1.465443 8.214688 0.923918 0.998360
Pedestrian -1 -1 1.215437 899.132385 161.978058 989.938599 314.931000 1.705490 0.692592 0.851439 3.993242 1.489025 8.459633 1.656464 0.997706
Pedestrian -1 -1 -1.555834 749.539490 172.163727 827.429443 338.287598 1.705081 0.791884 0.997554 2.057706 1.621885 8.099842 -1.307054 0.996305
Pedestrian -1 -1 1.300248 323.055939 177.281586 402.622467 317.830597 1.734292 0.836995 0.643242 -3.137944 1.682338 9.304520 0.974977 0.996098
Pedestrian -1 -1 -1.774151 684.301270 179.870209 739.710327 285.624115 1.672519 0.728035 0.958326 1.777905 1.654179 11.962724 -1.626611 0.992875
Pedestrian -1 -1 -1.719191 708.801819 178.071075 769.830200 298.498566 1.686383 0.731772 1.004537 2.044407 1.669173 10.896974 -1.533734 0.992033
Pedestrian -1 -1 1.884026 229.506958 178.839264 304.238281 313.679169 1.684900 0.661915 0.801604 -4.493049 1.662634 9.558091 1.444601 0.990587
Pedestrian -1 -1 0.170869 635.226196 172.909027 677.341675 251.897995 1.832090 0.868664 0.891164 1.299530 1.642096 17.438006 0.245254 0.989061
Pedestrian -1 -1 -1.441645 665.643494 174.497360 692.628662 236.094193 1.764052 0.759619 0.893187 2.490504 1.658627 23.244591 -1.334909 0.917962
Pedestrian -1 -1 2.936503 789.600586 174.787369 833.791443 260.562012 1.695914 0.646313 0.774988 4.471944 1.617677 15.403044 -3.064122 0.844834
