Pedestrian -1 -1 -2.823460 648.442261 156.486313 748.337280 322.751862 1.779761 0.964803 0.932949 1.063883 1.509853 8.278082 -2.695643 0.998409
Pedestrian -1 -1 -1.755676 599.147217 164.081787 680.025696 325.781952 1.741677 0.836994 0.815665 0.396708 1.555366 8.373046 -1.708333 0.998257
Car -1 -1 1.459951 478.883514 169.148224 523.445496 209.747513 2.071083 1.792019 4.474779 -5.553404 1.438807 40.202286 1.322683 0.998031
Pedestrian -1 -1 -1.254273 172.306808 161.465958 290.729462 339.610321 1.766413 0.905977 0.945884 -3.968893 1.564210 7.639958 -1.733392 0.997706
Cyclist -1 -1 1.817668 328.334717 170.862518 430.631470 347.157562 1.731708 0.694418 1.835642 -2.530244 1.650951 8.240337 1.519751 0.994464
Pedestrian -1 -1 -1.273642 741.658630 165.990738 775.222412 237.218323 1.688069 0.660498 0.763290 3.975816 1.342608 18.357726 -1.060361 0.990589
Cyclist -1 -1 1.728499 414.326660 164.799240 469.587524 269.721893 1.788518 0.646868 1.986692 -3.078002 1.516818 13.650508 1.506722 0.986564
Pedestrian -1 -1 -1.252188 713.738281 163.051025 748.666443 232.282730 1.751349 0.724692 0.815044 3.502934 1.298797 19.561295 -1.074991 0.964932
Pedestrian -1 -1 -0.937290 -166.870178 165.487289 113.737885 526.238953 1.689469 0.657975 0.917717 -3.375338 1.628796 3.973669 -1.641450 0.950129
Cyclist -1 -1 1.355453 375.519165 164.857590 461.505981 308.918732 1.789342 0.671138 1.974301 -2.668660 1.590731 10.412585 1.104562 0.781826
