Car -1 -1 1.777507 380.603668 150.239960 478.419617 233.074142 2.212232 2.000074 4.678977 -5.188585 1.358881 22.293055 1.548834 0.999705
Pedestrian -1 -1 -2.887857 1054.620728 142.871811 1214.048584 355.830505 1.804823 0.751756 0.993896 4.721862 1.469147 6.447208 -2.255723 0.999552
Car -1 -1 1.565226 513.523987 164.003021 564.167419 214.377289 1.728645 1.736272 4.240330 -2.396150 1.100330 27.249533 1.477518 0.999023
Pedestrian -1 -1 -1.186470 679.588867 158.816299 757.293762 302.474487 1.721871 0.733181 0.903544 1.439174 1.450590 9.180168 -1.030966 0.998591
Pedestrian -1 -1 2.658587 264.642029 169.452850 340.790131 297.939423 1.713573 0.664891 0.804438 -4.335058 1.588946 10.342233 2.261673 0.998240
Pedestrian -1 -1 -1.760243 746.113281 144.440079 837.677979 301.978424 1.802612 0.873143 1.015831 2.281607 1.373043 8.824523 -1.507231 0.998119
Pedestrian -1 -1 2.067192 985.913513 139.511749 1077.669434 281.012299 1.820204 0.686665 0.910896 5.617056 1.278027 9.451827 2.603397 0.996414
Pedestrian -1 -1 -1.813273 192.893173 165.260529 254.597717 282.940887 1.808527 0.711357 0.837261 -6.266684 1.559601 11.823402 -2.300651 0.995394
Pedestrian -1 -1 3.040677 226.842911 169.178253 305.677002 303.245941 1.732868 0.680336 0.913624 -4.694481 1.590603 9.937014 2.599333 0.993901
Pedestrian -1 -1 -1.142802 711.232239 155.270569 788.117615 286.718567 1.749675 0.813159 0.925127 2.074095 1.418618 10.328759 -0.944630 0.990918
Pedestrian -1 -1 -1.912526 599.644470 163.124985 640.740112 236.280869 1.720262 0.736853 0.892195 0.407595 1.292846 17.446456 -1.889168 0.990223
Pedestrian -1 -1 1.302215 1131.818115 131.590500 1231.796143 318.509888 1.745173 0.622062 0.611420 5.960079 1.278237 7.435904 1.977886 0.983452
