Pedestrian -1 -1 1.794946 271.916779 152.599976 382.218872 375.808807 1.819049 0.732399 0.853857 -2.470405 1.589890 6.404182 1.426785 0.998521
Pedestrian -1 -1 -2.007554 973.695557 129.764297 1129.424805 368.920074 1.794692 0.767773 0.994947 3.617516 1.396510 5.885145 -1.456406 0.998069
Pedestrian -1 -1 0.196244 895.594727 120.239731 1039.605713 391.659912 1.928920 0.709622 0.883534 2.786923 1.492395 5.571967 0.660026 0.997055
Pedestrian -1 -1 2.724117 597.226624 163.177612 691.719238 305.448700 1.742834 0.921531 0.977659 0.520973 1.533624 9.372813 2.779643 0.996659
Cyclist -1 -1 1.465829 403.366455 175.606430 481.753174 336.190979 1.657051 0.635827 1.989287 -1.937479 1.606810 8.475707 1.241098 0.991441
Pedestrian -1 -1 -1.433789 576.776062 167.408112 604.165161 227.203857 1.704093 0.730928 0.869100 -0.360588 1.320601 21.584632 -1.450493 0.989229
Pedestrian -1 -1 -1.615298 548.560547 165.851974 577.899231 231.023483 1.752925 0.771195 0.937808 -1.104653 1.323581 20.090037 -1.670227 0.986020
Pedestrian -1 -1 1.386835 468.485962 170.645355 494.330322 227.050476 1.748838 0.670171 0.867076 -3.838531 1.395348 22.812106 1.220129 0.945755
Pedestrian -1 -1 -1.638746 513.993652 165.876434 539.883484 222.317764 1.836069 0.821484 1.064819 -2.551259 1.322029 24.411641 -1.742878 0.926857
Pedestrian -1 -1 -1.408368 597.675720 168.206070 624.180969 223.480804 1.681730 0.740447 0.880991 0.291155 1.272209 23.563218 -1.396013 0.876483
Pedestrian -1 -1 -1.472749 497.135651 168.951202 520.496582 221.419632 1.796678 0.735583 0.954054 -3.286709 1.374814 25.204617 -1.602418 0.827594
Pedestrian -1 -1 1.694565 484.838989 169.847137 507.497803 222.845840 1.775374 0.669411 0.890019 -3.632756 1.396581 24.677626 1.548406 0.795404
Cyclist -1 -1 -0.784310 838.610474 81.004082 1118.354004 450.990356 1.926780 0.547036 1.494562 2.175925 1.351893 4.232089 -0.309407 0.773328
