Pedestrian -1 -1 2.216395 845.163208 139.761459 992.831055 374.723450 1.771580 0.722801 0.848136 2.533331 1.470133 5.810761 2.627522 0.999572
Pedestrian -1 -1 2.202111 708.570129 145.594986 784.075134 306.649811 1.717327 0.534906 0.776489 1.570426 1.360520 8.166766 2.392087 0.998932
Pedestrian -1 -1 0.416537 766.130371 144.556931 889.966064 362.659637 1.757119 0.712929 0.825957 1.907027 1.478763 6.211704 0.714408 0.998929
Pedestrian -1 -1 0.309203 1043.349365 137.753830 1232.536621 419.374908 1.733655 0.640643 0.881039 3.618786 1.491569 4.883987 0.946887 0.998828
Pedestrian -1 -1 1.112809 664.008240 158.868256 742.008728 322.581696 1.666870 0.599776 0.749891 1.026070 1.460174 7.779369 1.243948 0.998208
Pedestrian -1 -1 1.424186 528.137939 150.530945 609.046875 359.632019 1.754351 0.633270 0.884960 -0.397901 1.511387 6.532827 1.363353 0.997865
Pedestrian -1 -1 1.858382 576.054871 150.340439 652.643005 339.840179 1.689608 0.579195 0.915884 0.041484 1.438090 7.086617 1.864235 0.997299
Pedestrian -1 -1 -1.996803 246.623154 133.656342 309.734680 260.008270 1.937582 0.679153 0.821887 -5.522723 1.234702 11.845891 -2.433059 0.996722
Pedestrian -1 -1 1.963974 613.608032 144.479797 688.968201 324.673584 1.750439 0.536041 0.879681 0.441077 1.398769 7.537743 2.022423 0.995610
Pedestrian -1 -1 1.375381 513.260498 142.968323 557.709778 244.406998 1.738701 0.644577 0.684238 -1.261532 1.110291 12.295697 1.273139 0.984756
Pedestrian -1 -1 0.159824 1139.326538 163.727921 1268.772217 377.092468 1.636044 0.443566 0.781013 4.934690 1.483251 5.909280 0.855589 0.941340
Pedestrian -1 -1 -0.128687 296.828278 142.656723 336.302734 219.093430 1.786344 0.613014 0.824814 -7.194793 0.904437 17.515092 -0.518449 0.932559
Pedestrian -1 -1 1.012589 748.706604 146.641891 837.624939 312.461334 1.702917 0.628799 0.806814 2.024065 1.363283 7.826323 1.265666 0.913204
Pedestrian -1 -1 -1.943050 509.091034 142.333191 577.568970 313.308167 1.758076 0.621916 0.718731 -0.796511 1.416032 8.567860 -2.035748 0.757306
