Pedestrian -1 -1 -2.007158 568.954651 140.284821 640.189819 281.850830 1.826575 0.638212 0.994240 -0.057470 1.302134 9.717053 -2.013072 0.998740
Pedestrian -1 -1 2.303122 645.658081 139.472168 717.241821 273.722137 1.794598 0.670317 0.827875 1.011572 1.251217 9.991126 2.404026 0.998303
Pedestrian -1 -1 -0.327974 267.692078 135.677444 327.845093 258.753479 1.917965 0.674890 0.736050 -5.137076 1.244580 11.719706 -0.741079 0.990589
Pedestrian -1 -1 1.079379 614.716309 141.317871 685.431519 274.783203 1.831497 0.700393 0.923054 0.615223 1.303651 10.477473 1.138030 0.988874
Pedestrian -1 -1 1.292297 485.396393 144.920807 517.815063 213.637604 1.750102 0.637698 0.898983 -2.757515 0.864581 18.630647 1.145355 0.986996
Pedestrian -1 -1 1.256013 463.649200 143.048981 496.939209 210.297882 1.809077 0.658718 0.938689 -3.553957 0.812001 19.917007 1.079433 0.981578
Pedestrian -1 -1 -0.185418 1078.066772 165.708725 1333.482422 536.501221 1.630992 0.722524 0.848366 2.943296 1.556251 3.654012 0.492666 0.979979
Pedestrian -1 -1 1.863155 545.449829 140.584000 579.125366 211.685486 1.833201 0.655392 0.941071 -1.170152 0.813979 18.881501 1.801261 0.979424
Pedestrian -1 -1 1.305458 512.796387 141.174347 546.869995 211.948166 1.786833 0.660677 0.997440 -2.021965 0.813966 18.661826 1.197531 0.977206
Pedestrian -1 -1 -0.576483 391.945587 141.502945 441.199310 216.756363 1.874034 0.660261 1.036870 -5.027072 0.911193 18.761035 -0.838286 0.892422
Pedestrian -1 -1 0.986271 1063.706543 165.089905 1200.302246 469.121674 1.588784 0.422222 0.440907 2.838850 1.508252 3.915354 1.613616 0.853945
Pedestrian -1 -1 -2.015846 428.846008 142.696945 465.467987 210.647919 1.738196 0.569357 1.044967 -4.401043 0.775196 19.464929 -2.238208 0.825995
