Pedestrian -1 -1 0.292520 1044.131104 140.204727 1228.334717 403.595703 1.792145 0.657536 0.932828 3.951178 1.531491 5.379043 0.926060 0.999146
Car -1 -1 1.688223 543.299927 169.853683 597.215942 212.231979 1.535649 1.660825 4.100283 -1.191433 1.101738 28.529820 1.646487 0.998935
Pedestrian -1 -1 -2.012140 75.728508 157.761169 208.812332 350.956970 1.745187 0.728260 0.927803 -4.441109 1.524692 6.862122 -2.586539 0.998252
Pedestrian -1 -1 1.222886 228.445938 159.094193 333.582245 357.120758 1.800598 0.755422 0.748245 -3.197520 1.599086 7.081359 0.798752 0.998223
Pedestrian -1 -1 -3.070226 787.731262 164.439468 894.386108 359.926666 1.702756 0.770720 0.975003 2.214665 1.554243 6.844541 -2.757291 0.996575
Pedestrian -1 -1 -1.682727 724.726074 169.916779 784.687500 299.484528 1.688291 0.703598 0.925234 2.088158 1.541083 10.057227 -1.478009 0.995489
Pedestrian -1 -1 -1.845292 619.900024 159.918488 663.720520 238.806335 1.880226 0.842140 0.975695 0.947571 1.356189 17.672499 -1.791725 0.992434
Pedestrian -1 -1 0.065887 1127.899292 141.230011 1306.298218 403.673248 1.792152 0.715933 1.038993 4.732563 1.537291 5.587939 0.768593 0.992284
Pedestrian -1 -1 -1.351844 692.520203 168.768723 750.485291 285.965668 1.681308 0.736832 0.952046 1.782029 1.510311 11.006458 -1.191329 0.991760
Pedestrian -1 -1 -1.347469 655.869141 162.701462 686.163635 225.679504 1.780290 0.766215 0.946096 2.177604 1.285696 22.668757 -1.251701 0.924954
Pedestrian -1 -1 3.096828 772.368652 169.756561 845.986938 307.653442 1.684271 0.694088 0.950040 2.835399 1.609452 10.031453 -2.910892 0.816652
