Car -1 -1 1.487868 535.653198 179.888672 575.646179 212.012039 1.531373 1.684643 4.159542 -2.427349 1.487461 38.255879 1.424503 0.998830
Pedestrian -1 -1 -1.867728 703.491699 164.656967 745.659058 242.349030 1.775206 0.736801 0.949620 2.860686 1.386452 16.986531 -1.700885 0.995870
Pedestrian -1 -1 -0.073273 732.674133 166.820572 771.354370 232.761917 1.685759 0.705342 0.944360 3.956396 1.310367 19.053639 0.131463 0.994854
Pedestrian -1 -1 -1.948615 424.624023 174.265778 463.625702 244.055603 1.782645 0.764518 0.811763 -4.150891 1.598500 18.823222 -2.165661 0.993097
Pedestrian -1 -1 -1.707435 628.758606 169.563660 675.299988 267.678101 1.750563 0.757175 0.994021 0.910815 1.547883 13.716705 -1.641130 0.992222
Pedestrian -1 -1 -1.476930 670.614441 169.140228 712.175903 267.905975 1.708549 0.690897 0.880736 1.604604 1.506008 13.131894 -1.355341 0.990633
Pedestrian -1 -1 -1.395276 606.742981 169.916519 638.859375 235.969803 1.861104 0.833066 1.016399 0.611424 1.530835 21.713269 -1.367124 0.987694
Pedestrian -1 -1 -3.070916 399.367279 174.385605 435.256104 241.985641 1.757022 0.711168 0.876541 -4.948825 1.572062 19.241494 2.960530 0.984945
Pedestrian -1 -1 -1.758014 687.444092 166.726715 728.618958 252.713287 1.737394 0.751517 0.931698 2.324189 1.459708 15.929636 -1.613133 0.935304
Pedestrian -1 -1 -1.569165 650.534241 169.921738 692.595947 269.141449 1.733785 0.723287 0.998588 1.234119 1.552950 13.067896 -1.475005 0.841522
Pedestrian -1 -1 -0.005145 619.546204 171.517578 655.838867 242.997482 1.817839 0.825324 1.022291 0.942659 1.568204 19.769650 0.042501 0.801942
