Car -1 -1 1.965668 230.060654 191.150360 419.534515 292.647247 1.386098 1.640179 4.143538 -4.853212 1.772816 12.818181 1.603728 0.999957
Car -1 -1 2.234170 -103.605949 195.889771 315.755341 401.793671 1.439939 1.585682 3.755148 -4.661119 1.738248 7.432564 1.674047 0.999907
Car -1 -1 -1.997994 808.837830 186.746292 1166.593750 385.340851 1.484492 1.642187 4.051997 3.434872 1.659854 7.626324 -1.574810 0.999895
Car -1 -1 -1.849701 744.458130 184.089020 899.657898 284.693604 1.454543 1.584405 3.859112 3.466557 1.677301 12.740252 -1.584037 0.999883
Car -1 -1 -1.737184 718.532043 181.503403 807.308533 246.708160 1.457652 1.583214 3.758985 3.793017 1.701456 18.617730 -1.536204 0.998873
Car -1 -1 1.447957 466.011597 179.927261 522.211853 221.174393 1.465989 1.560666 3.649918 -4.609458 1.778604 28.767163 1.289074 0.998241
Car -1 -1 -1.716227 695.727539 182.245316 756.132263 227.589218 1.432019 1.602387 3.846152 4.034591 1.804021 25.931954 -1.561880 0.992894
Car -1 -1 1.423356 489.513245 179.522522 538.753052 213.646332 1.484115 1.575355 3.748355 -4.582305 1.831273 34.703919 1.292075 0.974171
Car -1 -1 -2.167190 1068.752075 177.183014 1201.211182 228.320938 1.438508 1.581383 3.549383 16.223406 1.603536 22.549172 -1.543518 0.971455
Car -1 -1 -0.776294 1157.702148 176.120926 1289.120728 223.059631 1.464149 1.627858 3.475407 21.520246 1.629823 25.494269 -0.075223 0.798438
