Car -1 -1 1.807655 361.473297 163.732895 478.667053 261.899841 2.162486 1.872414 4.480156 -4.482414 1.767202 18.331673 1.567843 0.999894
Pedestrian -1 -1 2.152046 1006.807251 139.538757 1151.335938 340.830505 1.791224 0.730153 0.958488 4.472960 1.411020 6.814359 2.732909 0.998920
Pedestrian -1 -1 2.938266 105.300995 168.461731 266.636292 429.073883 1.696138 0.737569 0.881837 -3.028420 1.626598 5.163130 2.407797 0.998598
Pedestrian -1 -1 -1.924000 754.338074 158.722687 851.417664 302.680328 1.771395 0.864577 0.999706 2.558115 1.491589 9.296465 -1.655475 0.996317
Pedestrian -1 -1 1.325451 239.734848 181.041290 306.933685 303.823730 1.750154 0.754953 0.786555 -5.024083 1.757957 10.900127 0.893553 0.996163
Pedestrian -1 -1 1.273441 614.433411 172.997131 646.164978 231.091904 1.769055 0.807783 0.736749 0.876032 1.531004 22.540337 1.312287 0.994192
Pedestrian -1 -1 2.734460 503.208252 175.786743 535.538513 233.012375 1.766778 0.749950 0.813089 -2.626195 1.584265 22.844208 2.620001 0.989822
Pedestrian -1 -1 -1.772132 587.108032 175.410721 617.981567 233.421860 1.742652 0.806372 0.827339 -0.000633 1.577634 22.217661 -1.772161 0.989753
Pedestrian -1 -1 -0.544489 340.329224 186.280563 377.184814 254.944138 1.628232 0.674982 0.591687 -6.182694 1.771023 18.158263 -0.872666 0.982863
Pedestrian -1 -1 0.919817 712.165894 191.597946 751.921326 254.421600 1.532168 0.693229 0.757733 3.354381 1.802208 18.671635 1.097572 0.798515
