Car -1 -1 -0.837864 813.249329 192.721710 1005.985046 278.039185 1.429021 1.597494 3.472369 5.726045 1.859276 13.970446 -0.448880 0.999385
Car -1 -1 2.768286 391.282990 187.782166 500.684296 224.582932 1.484416 1.662990 4.117510 -7.106110 2.174418 31.344622 2.545345 0.999140
Car -1 -1 -0.980373 895.514160 194.201172 1094.094482 291.599854 1.455645 1.567168 3.459043 6.922349 1.898263 13.090459 -0.493944 0.999103
Car -1 -1 -1.675736 634.727844 188.005157 674.944153 219.532104 1.405714 1.596446 4.194874 2.190346 2.230870 36.945939 -1.616521 0.998983
Car -1 -1 -2.463033 17.571587 195.128830 348.734619 311.334290 1.431697 1.624750 4.007133 -6.285618 1.807181 10.667465 -2.995497 0.998968
Car -1 -1 0.741113 727.060303 185.321838 852.236633 239.327103 1.547139 1.598060 3.988903 5.738555 1.994124 23.436066 0.981248 0.998758
Car -1 -1 0.786901 761.621033 188.435318 919.913391 252.132141 1.456813 1.594910 4.017443 5.758628 1.884608 18.424474 1.089835 0.996682
Car -1 -1 -2.412198 240.651688 177.691101 417.447083 253.455673 1.608345 1.681191 3.856793 -6.564464 1.767404 16.946604 -2.781762 0.993205
Car -1 -1 -2.095824 -286.306732 190.500504 145.694504 389.089478 1.458112 1.573367 3.869914 -6.533484 1.644232 7.081225 -2.841013 0.992822
Cyclist -1 -1 1.416997 527.382996 184.238037 548.586609 227.578873 1.652684 0.566812 1.796125 -2.999543 2.163852 29.717976 1.316405 0.972620
Car -1 -1 -1.260137 -102.559875 194.154160 216.080887 344.260559 1.439889 1.524016 3.486344 -6.562981 1.724316 8.619555 -1.910898 0.921885
