Pedestrian -1 -1 -1.139596 860.169922 126.429489 1008.114685 402.153503 1.815841 0.705001 0.955124 2.391380 1.481278 5.276460 -0.714071 0.999407
Pedestrian -1 -1 -0.320937 673.717590 142.841782 752.392700 279.301758 1.780645 0.750592 0.876688 1.426863 1.299558 9.749764 -0.175620 0.998569
Pedestrian -1 -1 -2.943826 766.640442 136.556641 910.113831 407.206116 1.799334 0.625254 0.923802 1.658824 1.514688 5.210105 -2.635588 0.998520
Pedestrian -1 -1 -1.101091 636.372742 142.512192 711.899658 277.149017 1.802485 0.764365 1.054354 0.915349 1.292535 10.134810 -1.011018 0.997522
Pedestrian -1 -1 -0.004465 579.973999 142.941788 641.109863 265.567932 1.712076 0.588943 0.853267 0.030188 1.177315 10.142570 -0.001489 0.997250
Pedestrian -1 -1 -0.330445 247.619720 136.618179 307.766907 257.733612 1.897470 0.727944 0.723914 -5.544006 1.229337 11.883698 -0.766953 0.996703
Pedestrian -1 -1 1.000677 758.651367 142.497513 830.354675 270.953186 1.744707 0.616306 0.946263 2.748955 1.222777 10.468833 1.257465 0.996392
Pedestrian -1 -1 -1.153968 539.181763 141.228424 593.276489 265.791138 1.739736 0.515667 0.809743 -0.606438 1.196653 10.296294 -1.212799 0.995562
Pedestrian -1 -1 1.894568 509.648895 149.785492 561.754761 265.704041 1.633886 0.537562 0.890050 -1.075777 1.205245 10.485181 1.792326 0.993488
Pedestrian -1 -1 1.863690 480.939178 142.949722 534.993225 273.316620 1.734387 0.560099 0.925066 -1.436258 1.235891 10.104327 1.722493 0.992345
Pedestrian -1 -1 -2.913391 1026.113770 177.256577 1079.001465 252.261459 1.731108 0.572855 0.952989 10.679475 1.665336 16.922465 -2.350430 0.990724
Pedestrian -1 -1 1.833280 460.825989 143.046265 495.879761 223.077896 1.729810 0.606278 0.810019 -2.931079 0.930977 16.181691 1.654087 0.981335
Pedestrian -1 -1 1.074834 604.657837 141.356537 672.393982 265.064331 1.822651 0.743666 0.961534 0.495172 1.258266 11.183593 1.119082 0.952636
Pedestrian -1 -1 -1.242533 561.401611 141.405807 612.391724 246.681198 1.822403 0.671561 0.991447 -0.372589 1.142625 13.167025 -1.270822 0.927633
Pedestrian -1 -1 1.204822 620.413757 142.033722 659.571716 223.455643 1.734152 0.654273 0.903566 0.782456 0.906578 16.526780 1.252132 0.899057
Cyclist -1 -1 2.752714 360.395813 144.620712 409.736084 199.536469 1.745405 0.518437 1.341112 -7.359541 0.614990 23.465333 2.448795 0.769367
Pedestrian -1 -1 2.404313 274.073059 137.510406 331.110321 241.959503 1.922097 0.658581 0.688908 -6.038464 1.141502 13.969639 1.996313 0.754081
