Car -1 -1 2.138746 -51.427658 209.581909 276.569000 370.908691 1.412248 1.599099 3.730341 -5.904750 1.973539 9.105986 1.563464 0.999922
Car -1 -1 2.006731 216.941696 197.688354 373.153717 291.674866 1.454810 1.517697 3.370521 -6.013283 2.014455 14.019911 1.601553 0.999830
Car -1 -1 1.919332 334.849030 193.670395 440.677124 254.720078 1.407904 1.593895 3.888633 -6.136352 2.048562 20.226477 1.624775 0.999811
Car -1 -1 -1.708767 683.971313 174.237900 753.686584 229.465729 1.522784 1.615669 3.768561 3.202634 1.581819 22.208050 -1.565544 0.999567
Car -1 -1 1.852667 418.855194 187.859268 490.184601 231.498810 1.428521 1.587757 4.096839 -5.880369 2.053109 27.609200 1.642816 0.999085
Car -1 -1 2.520842 918.986267 142.064148 1146.891235 222.818726 1.643743 1.618261 4.114899 9.304538 1.004865 16.042336 3.046425 0.996550
Car -1 -1 1.802339 490.386566 183.667465 533.121399 212.986404 1.534843 1.636131 3.938891 -5.804760 2.227463 42.836259 1.667649 0.995690
Car -1 -1 -2.782402 796.095825 157.694122 923.029968 205.069946 1.608245 1.674507 4.042225 8.970205 1.111367 26.232989 -2.452923 0.995508
Car -1 -1 2.615639 846.430420 155.455109 981.511475 206.448013 1.666285 1.682155 4.048489 10.734830 1.105915 25.621503 3.012397 0.988448
Car -1 -1 1.804681 455.110291 185.092941 509.582306 221.125061 1.514497 1.663229 4.050362 -6.049555 2.150377 34.360280 1.630404 0.909364
Car -1 -1 -1.660665 668.621887 177.235764 717.813232 217.948044 1.550300 1.677912 3.655208 3.378026 1.756737 30.081158 -1.548836 0.808141
Car -1 -1 -1.671679 655.446106 179.171127 693.053894 211.245804 1.472776 1.702487 3.541292 3.218268 1.851497 37.750989 -1.586634 0.775285
