Pedestrian -1 -1 -0.929167 690.381653 141.858353 796.596619 335.537842 1.782214 0.602343 0.926928 1.315944 1.428730 6.965168 -0.742436 0.999580
Pedestrian -1 -1 2.327469 761.878662 139.098694 872.367615 319.954071 1.809481 0.776788 0.800876 2.213602 1.392079 7.548670 2.612716 0.999564
Pedestrian -1 -1 1.174382 584.510254 139.234192 621.629150 221.694229 1.803980 0.593450 0.774054 -0.091621 0.911068 16.125524 1.168700 0.992475
Pedestrian -1 -1 1.187021 473.051178 142.704849 509.691162 218.371597 1.793363 0.628599 0.905168 -2.816250 0.929054 17.365872 1.026249 0.991906
Pedestrian -1 -1 -1.152393 541.717651 141.087509 583.727661 227.808594 1.813298 0.639037 0.969177 -0.991890 0.980102 15.651145 -1.215683 0.989681
Pedestrian -1 -1 1.212041 264.325256 134.810669 319.711945 245.688385 1.936517 0.736795 0.671042 -5.855709 1.159234 13.110888 0.791994 0.986525
Pedestrian -1 -1 1.827629 504.311859 142.793884 541.979492 221.794464 1.774596 0.653381 0.923794 -1.930635 0.944525 16.418639 1.710579 0.985578
Pedestrian -1 -1 1.878950 449.199158 143.258774 485.726471 218.332535 1.783867 0.647132 0.942914 -3.492569 0.909651 17.802714 1.685228 0.985438
Pedestrian -1 -1 -0.727248 673.776245 145.878845 701.834290 205.491653 1.722413 0.518215 0.585489 2.475638 0.711615 21.413241 -0.612146 0.971420
Pedestrian -1 -1 2.021936 424.038574 143.267883 463.362457 216.536087 1.786997 0.643098 0.979879 -4.212631 0.877967 18.324012 1.795965 0.949866
Pedestrian -1 -1 -1.940383 566.618713 141.027710 603.130066 221.468109 1.792300 0.600443 0.875111 -0.524601 0.922216 16.917415 -1.971382 0.946672
Pedestrian -1 -1 0.244226 241.563858 141.774338 279.260132 209.331238 1.856433 0.726795 0.864025 -10.313823 0.777012 21.108689 -0.210264 0.762654
