Pedestrian -1 -1 0.957718 727.061157 139.170929 812.600281 298.765717 1.801856 0.604527 0.917537 1.935548 1.338699 8.540967 1.180573 0.999058
Pedestrian -1 -1 1.089493 675.133911 151.201141 754.305969 302.497833 1.699459 0.615218 0.873702 1.261110 1.375603 8.494397 1.236880 0.999049
Pedestrian -1 -1 1.822732 1092.523315 156.089066 1278.844604 489.897003 1.700337 0.631780 0.802716 3.197812 1.572140 3.962999 2.501677 0.998917
Pedestrian -1 -1 0.429258 471.011230 163.765244 608.370239 442.788452 1.629763 0.581081 0.728738 -0.470101 1.548284 4.586739 0.327124 0.998556
Pedestrian -1 -1 -2.935179 950.482544 131.168198 1114.341064 467.568634 1.771069 0.601444 0.692750 2.409866 1.507702 4.065943 -2.400148 0.998273
Pedestrian -1 -1 1.277617 231.698715 132.948563 297.562714 270.484406 1.966380 0.701798 0.664468 -5.184323 1.289566 10.630167 0.823858 0.997717
Pedestrian -1 -1 1.323436 565.717651 145.435760 635.406494 311.016937 1.732778 0.597242 0.816016 -0.114261 1.373183 7.934024 1.309035 0.997118
Pedestrian -1 -1 0.891800 804.698181 134.910706 892.237000 286.370667 1.817322 0.609119 1.064424 3.125395 1.277050 9.172109 1.220211 0.981539
Pedestrian -1 -1 2.550698 832.614929 148.164062 1056.012329 549.995972 1.697776 0.605843 0.660045 1.500924 1.552639 3.313743 2.975994 0.976644
Pedestrian -1 -1 -0.397759 772.722168 162.788498 926.534119 524.161316 1.672638 0.523864 0.625452 1.173444 1.583871 3.543289 -0.077953 0.950445
Pedestrian -1 -1 0.727174 634.990173 143.169815 664.862183 201.826080 1.737566 0.558778 0.624547 1.366106 0.616314 22.064666 0.789008 0.948544
Pedestrian -1 -1 0.648987 613.857605 143.096802 643.556824 203.061951 1.774749 0.520649 0.706893 0.702649 0.665455 22.348964 0.680417 0.941957
Pedestrian -1 -1 1.061529 1015.479919 142.442444 1201.862427 470.877594 1.716719 0.551384 0.767105 2.746096 1.486475 4.018885 1.660958 0.853012
