Car -1 -1 1.708830 492.133972 174.280350 568.101196 234.802292 1.525029 1.614416 4.233160 -1.986088 1.343333 20.831277 1.613776 0.999534
Pedestrian -1 -1 -0.971496 893.633789 145.330383 1126.107422 479.756195 1.786917 0.760885 1.068528 2.359658 1.583420 4.290688 -0.468692 0.998745
Pedestrian -1 -1 2.117244 867.341187 153.964447 1001.638123 405.535248 1.698735 0.621631 0.795393 2.397779 1.513297 5.333581 2.539734 0.998200
Pedestrian -1 -1 -1.830991 720.118164 164.533630 822.427429 350.756927 1.679006 0.676955 1.014924 1.599127 1.531688 7.008255 -1.606654 0.997814
Pedestrian -1 -1 -3.139315 544.870483 164.060547 626.803894 318.198395 1.711423 0.829637 0.930207 -0.235130 1.517349 8.562643 3.116417 0.996510
Pedestrian -1 -1 -1.283246 769.356995 160.264862 857.509399 333.967773 1.759184 0.736487 0.816983 2.269148 1.555814 7.841095 -1.001550 0.995968
Pedestrian -1 -1 -1.105961 645.981445 162.625458 713.423096 278.431061 1.749806 0.736313 1.057935 1.224392 1.478973 11.705796 -1.001743 0.994671
Pedestrian -1 -1 2.032972 688.127747 160.533829 754.578491 270.786194 1.760314 0.718955 1.036274 1.979355 1.429090 12.066428 2.195562 0.994655
Pedestrian -1 -1 -1.883103 607.117493 163.706100 638.400696 217.514450 1.754009 0.799786 1.027644 0.707582 1.131117 24.748318 -1.854520 0.944691
Pedestrian -1 -1 -1.188482 408.109009 159.410843 466.247528 265.062836 1.847334 0.780840 0.959983 -3.091639 1.487082 13.338667 -1.416241 0.916613
Pedestrian -1 -1 -1.258038 622.166016 164.388336 650.788269 214.499435 1.746839 0.772650 0.868676 1.227267 1.128385 25.353772 -1.209670 0.889067
Pedestrian -1 -1 -2.847899 635.167969 162.281616 659.982544 210.649704 1.750901 0.763177 0.731925 1.680014 1.069503 26.522423 -2.784640 0.794728
