Car -1 -1 -1.909316 747.965088 156.882446 1070.386353 375.017761 1.750757 1.697629 4.277593 2.785036 1.605216 7.915961 -1.571016 0.999925
Car -1 -1 -1.717153 684.052612 172.106583 768.421692 237.686462 1.541039 1.604880 3.819446 2.857460 1.532442 18.758851 -1.565989 0.999868
Car -1 -1 -1.824496 709.379272 176.778168 847.237122 270.137421 1.525146 1.615543 3.770900 2.986046 1.611778 13.740700 -1.610509 0.999797
Car -1 -1 -2.340613 149.196457 173.991592 363.127441 267.979736 1.555161 1.626727 3.675505 -6.701182 1.622873 13.710596 -2.795228 0.999526
Car -1 -1 -1.659820 654.250793 171.286728 699.837036 207.739777 1.437163 1.591715 3.573975 2.779762 1.397823 30.766026 -1.569713 0.998641
Car -1 -1 -1.074136 353.561005 174.049377 463.640320 226.936005 1.546863 1.665099 3.836579 -6.385922 1.598556 22.955285 -1.345465 0.995266
Car -1 -1 2.783054 427.041962 164.825058 523.459229 202.891159 1.687834 1.699282 4.140830 -6.503271 1.328614 34.554780 2.597028 0.988690
Car -1 -1 -2.492604 233.142883 168.932358 441.064545 254.975937 1.656916 1.821468 3.939857 -5.914586 1.614678 15.655153 -2.853831 0.980870
Car -1 -1 -1.648297 639.184143 168.693619 668.654114 196.176987 1.569013 1.569825 3.627769 2.664920 1.380014 44.865308 -1.588968 0.967668
Car -1 -1 -1.078381 36.935841 183.597626 278.798096 290.050873 1.370409 1.530882 3.633422 -7.097251 1.581935 11.544432 -1.629595 0.930555
Car -1 -1 0.869647 -375.998871 185.284317 199.822021 429.370667 1.566121 1.513751 3.883542 -5.776685 1.695922 6.192594 0.118983 0.753037
