Pedestrian -1 -1 -2.151321 992.801697 111.696381 1169.189941 338.216003 1.963669 0.995635 0.989369 4.337001 1.338336 6.615656 -1.571042 0.998786
Pedestrian -1 -1 -2.835905 908.625183 122.621475 1104.500977 417.673584 1.830473 0.904632 1.017148 2.814006 1.467889 5.117794 -2.333179 0.998245
Pedestrian -1 -1 1.898394 467.899078 167.113617 510.487823 261.126129 1.687252 0.630595 0.771155 -2.186180 1.441533 13.634081 1.739401 0.995226
Pedestrian -1 -1 1.888307 496.123627 158.883774 543.121277 263.828339 1.791802 0.631375 0.861372 -1.512290 1.402080 12.890643 1.771524 0.994808
Pedestrian -1 -1 -1.773341 669.519836 163.308731 696.427429 227.554459 1.662379 0.599912 0.753083 2.212641 1.217304 19.806363 -1.662089 0.990288
Pedestrian -1 -1 -1.436659 636.186768 162.494904 667.528259 232.396973 1.694943 0.688427 0.898331 1.269205 1.241287 18.461627 -1.368019 0.989611
Car -1 -1 1.511799 554.361145 168.512451 583.268372 194.112839 1.583452 1.725633 3.930717 -2.222588 0.752689 49.167206 1.466625 0.986981
Pedestrian -1 -1 -1.671322 585.568481 162.013809 616.991882 234.486221 1.793521 0.764377 0.977640 -0.029077 1.295452 19.031104 -1.672850 0.984049
Pedestrian -1 -1 -1.394685 611.018921 160.574646 637.788635 215.535828 1.782240 0.816729 0.927762 0.796376 1.107363 25.638062 -1.363632 0.980232
Pedestrian -1 -1 -1.329196 623.375793 161.977905 652.705627 224.163101 1.705718 0.700070 0.867529 1.040894 1.182680 21.158022 -1.280039 0.968764
Pedestrian -1 -1 -2.101189 696.205017 157.365128 726.381226 221.964005 1.778770 0.572944 0.812888 3.267674 1.131551 21.530053 -1.950566 0.887149
