Pedestrian -1 -1 -1.976897 663.612244 137.762192 727.057861 264.798401 1.842886 0.633986 0.914414 1.306282 1.223634 10.775816 -1.856262 0.996351
Pedestrian -1 -1 -1.178814 612.514832 142.161072 672.383972 266.705139 1.804981 0.638547 0.948888 0.535370 1.251774 10.989341 -1.130135 0.995797
Pedestrian -1 -1 -0.466712 258.495300 131.836441 321.624908 255.485504 1.938575 0.702679 0.733521 -5.331832 1.189338 11.873845 -0.888767 0.995504
Pedestrian -1 -1 -1.918176 478.239197 144.896851 520.635681 233.952499 1.675394 0.568036 0.827896 -2.124152 1.012053 13.875834 -2.070079 0.995258
Pedestrian -1 -1 -1.887006 503.790405 143.134338 544.319763 232.697662 1.715006 0.580343 0.815707 -1.668824 0.994343 14.165980 -2.004271 0.993785
Pedestrian -1 -1 -1.153571 1062.906860 143.992706 1278.856079 493.488190 1.732162 0.641584 0.863517 3.036730 1.551525 3.880498 -0.489553 0.992396
Pedestrian -1 -1 1.883231 552.227112 139.622787 599.482361 238.588455 1.773382 0.653584 0.907664 -0.589029 1.032922 13.403378 1.839313 0.991940
Pedestrian -1 -1 -1.962397 442.530426 141.118103 489.951141 230.799377 1.796625 0.704677 0.898804 -3.005587 1.010556 15.094324 -2.158946 0.991936
Pedestrian -1 -1 1.898742 582.396667 141.091797 629.882263 238.040329 1.758236 0.659743 0.979026 -0.017074 1.037720 13.752246 1.897500 0.990771
Pedestrian -1 -1 1.281385 527.889099 141.250076 569.938721 229.764343 1.718258 0.637268 0.926343 -1.214342 0.949131 14.725311 1.199105 0.987704
