Car -1 -1 -1.826816 697.254272 169.663620 853.766541 287.595581 1.779368 1.676174 4.222736 2.695622 1.742001 13.058408 -1.623248 0.999961
Car -1 -1 -1.673900 643.626404 179.603455 683.045776 211.195465 1.444855 1.549978 3.796875 2.551776 1.803114 35.867112 -1.602875 0.999328
Car -1 -1 -1.780435 675.649292 181.106140 762.585938 241.711945 1.482541 1.577136 3.871415 2.774260 1.720781 19.649644 -1.640176 0.998931
Car -1 -1 -2.526141 -261.638458 189.651398 217.084610 348.491791 1.518872 1.592159 3.659137 -6.623032 1.716697 7.839157 3.055538 0.998821
Car -1 -1 0.295966 51.952904 190.225708 365.116699 295.613556 1.404988 1.575288 3.790834 -6.221567 1.722201 11.367824 -0.204799 0.998185
Car -1 -1 -2.424942 262.705627 173.393372 429.863251 243.497772 1.577531 1.675828 3.923946 -6.517940 1.630497 17.942815 -2.773382 0.997655
Car -1 -1 -1.109171 408.236969 177.861130 485.054810 217.607666 1.522813 1.579854 3.710992 -6.895471 1.777219 30.424828 -1.332045 0.988091
Car -1 -1 0.617542 173.470474 187.282990 382.090424 262.117065 1.404579 1.575410 3.981909 -7.077862 1.745343 15.504630 0.189296 0.980163
Car -1 -1 2.820165 334.318817 175.280914 476.210968 232.936417 1.578778 1.666469 3.783348 -6.350550 1.685351 22.195914 2.541496 0.931031
Car -1 -1 -1.725787 662.194763 179.550247 717.253540 223.726273 1.459658 1.543860 3.490339 2.758826 1.730470 26.334075 -1.621405 0.923775
Car -1 -1 -2.185984 448.961456 174.998001 521.126221 209.331223 1.529891 1.589024 3.578285 -5.982146 1.649616 34.132142 -2.359486 0.907896
