Pedestrian -1 -1 -2.941661 417.982819 164.556458 472.813629 260.767120 1.793565 0.861410 0.899168 -3.066055 1.494544 13.970521 3.125484 0.994443
Pedestrian -1 -1 -2.925083 698.285278 161.945709 750.517822 256.659058 1.816982 0.930566 0.878938 2.457843 1.445212 14.577788 -2.758051 0.993423
Pedestrian -1 -1 3.128520 665.985229 165.362274 710.300781 256.413666 1.745131 0.836541 0.887273 1.714402 1.446240 14.620716 -3.037940 0.993002
Cyclist -1 -1 1.387468 583.823486 165.570145 613.968506 222.894287 1.801635 0.611458 1.976678 -0.107456 1.290726 24.050366 1.383000 0.988029
Pedestrian -1 -1 -1.080029 740.101990 167.040100 769.122742 219.937180 1.726323 0.720174 0.929878 5.552972 1.258642 26.225089 -0.871369 0.942909
Cyclist -1 -1 1.300433 563.982361 165.003082 591.043152 215.614136 1.813961 0.604168 1.718417 -0.953653 1.216911 27.618193 1.265917 0.907595
Cyclist -1 -1 1.720030 610.649841 169.789307 633.508667 215.135529 1.765783 0.662446 1.902406 0.858318 1.320627 30.743151 1.747942 0.899702
Cyclist -1 -1 -1.101176 519.049866 170.785034 550.891052 214.031235 1.783037 0.653144 1.744842 -2.857880 1.329265 30.858990 -1.193523 0.884107
Pedestrian -1 -1 -2.815218 720.614075 163.655609 759.351501 232.503983 1.777894 0.821865 0.874254 4.001386 1.341985 20.837962 -2.625503 0.872485
Cyclist -1 -1 1.420263 599.207886 166.111832 625.176758 219.137436 1.815474 0.620039 2.038574 0.377557 1.291701 26.486567 1.434516 0.796254
