Car -1 -1 1.829992 358.631805 150.578430 494.114563 258.547089 2.151870 1.971408 4.748329 -4.011661 1.515020 17.241437 1.601384 0.999883
Pedestrian -1 -1 2.753702 142.458344 161.286591 265.769714 342.145325 1.773646 0.814399 0.872306 -4.259245 1.588667 7.597454 2.242746 0.999108
Pedestrian -1 -1 -2.256876 988.722412 134.463623 1156.777710 373.212311 1.803734 0.736619 0.928632 3.801714 1.447840 5.943724 -1.687833 0.998653
Pedestrian -1 -1 1.201324 767.764648 153.204071 888.899414 319.152985 1.798271 0.969104 1.057578 2.549435 1.486850 8.281774 1.499955 0.996445
Pedestrian -1 -1 2.016468 45.359638 169.736816 146.003235 305.322174 1.769903 0.819139 0.874341 -7.047227 1.632308 9.965068 1.400930 0.994283
Pedestrian -1 -1 0.310099 508.908875 166.625519 543.931702 231.539505 1.775844 0.778934 0.795227 -2.159026 1.379775 20.421395 0.204766 0.988948
Pedestrian -1 -1 -0.319441 609.035095 167.885773 643.242920 228.806976 1.761404 0.769066 0.854675 0.720060 1.381714 21.373215 -0.285764 0.987909
Pedestrian -1 -1 2.852441 590.922485 167.382523 625.149170 227.265900 1.768896 0.781139 0.861156 0.170894 1.348724 21.911700 2.860240 0.977706
Pedestrian -1 -1 -1.847738 -73.671074 164.429688 73.788345 422.034149 1.706353 0.636015 0.794170 -4.668439 1.684888 5.488729 -2.552551 0.873838
Pedestrian -1 -1 0.958008 84.695946 159.232864 189.394501 310.362671 1.835622 0.685710 0.973743 -5.955676 1.566054 9.152891 0.381149 0.767035
