Car -1 -1 -2.196327 806.959656 203.168289 1234.244873 466.072174 1.391913 1.508074 3.094928 2.808287 1.712413 5.938772 -1.754615 0.999800
Car -1 -1 -1.688401 635.038025 179.212799 672.649048 207.885193 1.421087 1.598863 4.070602 2.324611 1.811338 39.953786 -1.630284 0.999116
Car -1 -1 -1.985388 785.275635 182.718109 914.039917 251.751343 1.487502 1.584590 3.142992 5.787457 1.752109 17.534486 -1.666585 0.999073
Car -1 -1 0.592821 718.547119 178.791428 839.630493 227.052689 1.640725 1.533104 3.920018 6.008200 1.890243 26.700267 0.814158 0.998848
Car -1 -1 -2.736439 413.577515 178.385773 514.448303 212.142044 1.513582 1.600720 4.033771 -7.033517 1.807013 34.390527 -2.938176 0.997843
Car -1 -1 3.022746 172.034927 177.059525 398.805420 266.093994 1.492568 1.604475 3.770007 -6.007521 1.593108 13.401088 2.601319 0.997350
Car -1 -1 0.685781 -170.677109 169.363525 321.418854 343.087494 1.637417 1.654498 3.989954 -5.614193 1.610263 7.736689 0.058042 0.988143
Cyclist -1 -1 1.369006 540.273499 175.452194 559.167297 213.053452 1.672231 0.555971 1.878844 -3.001421 1.837391 35.335603 1.284269 0.954459
Car -1 -1 0.093352 951.399597 177.521759 1131.940552 253.925735 1.577410 1.591294 3.860980 10.572831 1.721519 17.966824 0.625246 0.894315
Car -1 -1 -0.771164 293.013336 175.040665 439.788483 233.727890 1.559147 1.739345 4.186052 -7.098263 1.665504 21.073783 -1.096057 0.856432
Car -1 -1 1.034247 -300.327362 187.364792 162.576096 402.328674 1.557536 1.619473 3.949862 -6.631440 1.713844 7.129899 0.285055 0.840103
