Car -1 -1 2.086244 106.412643 197.723114 357.182648 318.938934 1.420295 1.672066 4.250854 -5.717113 1.892944 11.550669 1.626637 0.999960
Car -1 -1 -1.852534 746.268982 176.246353 925.642883 298.600189 1.570580 1.629609 4.029845 3.223770 1.637905 11.421437 -1.577434 0.999959
Car -1 -1 -2.145123 838.226379 183.072510 1391.535889 470.433136 1.477745 1.604299 3.843150 3.248371 1.573890 5.780922 -1.633180 0.999932
Car -1 -1 1.887697 310.145874 189.504730 427.749390 262.489563 1.460411 1.569346 3.852121 -5.695348 1.907841 17.392434 1.571241 0.999919
Car -1 -1 1.347412 692.458313 180.604584 770.538391 236.752762 1.483615 1.548512 3.578469 3.519994 1.750413 21.789876 1.507571 0.999671
Car -1 -1 1.849568 422.514130 184.647919 493.719971 229.925125 1.484038 1.582096 4.070331 -5.715803 1.982554 27.332549 1.643418 0.999566
Car -1 -1 -1.671850 655.981506 178.899918 696.883057 211.900879 1.465290 1.582858 3.808689 3.120591 1.777088 34.995583 -1.582914 0.998075
Car -1 -1 1.408769 495.137268 179.877487 534.234497 208.820206 1.546519 1.594468 3.694147 -5.652067 1.996738 42.749062 1.277317 0.997895
Car -1 -1 -1.767133 671.550903 180.338760 735.629150 226.379868 1.451127 1.621947 3.763252 3.146827 1.746806 25.596509 -1.644807 0.982174
Car -1 -1 -0.067485 -93.227074 182.324661 73.356583 246.656769 1.529993 1.535978 3.584597 -17.749683 1.875421 20.558013 -0.779704 0.951263
