Car -1 -1 -1.722416 658.272278 184.613174 726.253906 232.880966 1.306033 1.582162 4.118747 2.437403 1.724288 22.958394 -1.616646 0.999605
Car -1 -1 0.410701 390.506805 181.902328 501.381531 224.206833 1.496474 1.612936 3.779133 -6.261056 1.866535 27.528840 0.187069 0.998599
Car -1 -1 0.302592 216.000443 181.393097 436.601013 258.185699 1.574060 1.596101 4.063752 -6.283977 1.785987 16.293774 -0.065498 0.998218
Car -1 -1 -0.586761 916.911926 185.233063 1379.288818 333.790558 1.491508 1.613223 3.796523 5.713262 1.638808 8.028943 0.031697 0.997914
Car -1 -1 1.508306 552.776306 177.198196 582.018250 202.460220 1.425117 1.509875 3.738801 -2.712076 1.752744 45.830289 1.449199 0.994958
Car -1 -1 -2.448774 -174.047745 202.009674 236.034927 345.052368 1.391435 1.579422 3.792697 -6.624158 1.796954 8.542777 -3.108341 0.990725
Car -1 -1 -1.527864 628.488342 173.756073 653.882263 198.805695 1.698915 1.636423 4.125983 2.259367 1.799790 53.447098 -1.485616 0.957196
Car -1 -1 -0.933187 459.455200 177.806519 527.515442 208.316330 1.541156 1.625801 4.064917 -6.366377 1.838843 39.462968 -1.093135 0.953952
Car -1 -1 0.101710 117.005180 194.136368 297.428528 261.470001 1.395853 1.604488 4.113989 -9.743939 1.992528 17.639619 -0.402966 0.943415
Car -1 -1 0.435562 318.056519 179.581253 459.290649 230.919174 1.508606 1.554861 3.653973 -6.949077 1.722354 22.466735 0.135590 0.927520
