Car -1 -1 -1.842635 735.533630 178.094070 891.802307 286.513153 1.555279 1.601856 3.936900 3.222074 1.662803 12.525358 -1.590850 0.999957
Car -1 -1 2.028204 161.102600 195.811325 375.479218 304.410034 1.420144 1.661073 4.201824 -5.699513 1.895291 12.577222 1.602724 0.999950
Car -1 -1 -2.030424 809.130920 179.546371 1228.621094 404.908142 1.448422 1.593437 3.794040 3.066097 1.500877 6.522931 -1.591023 0.999948
Car -1 -1 1.901351 326.793671 189.559677 438.437500 257.982452 1.484514 1.597471 3.872871 -5.783830 1.961725 18.715443 1.601621 0.999933
Car -1 -1 1.378119 431.050568 184.494614 498.226868 228.496948 1.502638 1.585327 3.966893 -5.715459 2.016830 28.553296 1.180561 0.999489
Car -1 -1 1.371127 689.652283 180.659439 763.057373 234.775055 1.479393 1.567581 3.743386 3.475343 1.757331 22.538209 1.524120 0.999453
Car -1 -1 -1.661006 653.532410 178.930588 691.829590 210.365097 1.482013 1.606625 3.861784 3.146303 1.825729 37.401726 -1.577082 0.998817
Car -1 -1 1.418812 497.466492 180.095612 534.809265 209.057571 1.591001 1.617833 3.636101 -5.773569 2.086994 44.340203 1.289330 0.997930
Car -1 -1 0.919697 -34.104435 187.543945 108.343803 238.921524 1.545722 1.701774 4.153744 -19.809020 2.092432 24.936959 0.248403 0.957804
Car -1 -1 1.403016 670.669189 180.288864 731.458618 226.385437 1.457955 1.654518 3.739092 3.126833 1.779300 26.139762 1.522070 0.896165
Car -1 -1 -2.234472 -364.758850 212.258560 136.343811 408.613800 1.488095 1.598295 3.595294 -6.886014 1.918570 7.005597 -3.011262 0.838044
