Pedestrian -1 -1 2.251713 893.325989 146.738892 1042.379150 399.944519 1.676036 0.608991 0.806803 2.612584 1.464529 5.213874 2.716227 0.999601
Pedestrian -1 -1 0.288921 815.272766 142.829880 935.274109 383.564362 1.745031 0.569817 0.756001 2.081985 1.469931 5.582504 0.645891 0.999281
Pedestrian -1 -1 2.721402 313.730225 158.921265 436.188538 388.483398 1.590662 0.520111 0.727298 -1.790460 1.452989 5.340623 2.397925 0.998977
Pedestrian -1 -1 0.409554 708.841187 139.254349 831.796448 392.036255 1.783383 0.537896 0.791565 1.239693 1.496095 5.532890 0.629972 0.998902
Pedestrian -1 -1 2.058016 543.054321 140.479584 605.074402 277.131165 1.700730 0.589789 0.741924 -0.472659 1.209559 9.379631 2.007667 0.997968
Pedestrian -1 -1 0.003561 629.676453 132.088135 786.313599 463.309967 1.818309 0.631055 0.891848 0.559098 1.544797 4.324914 0.132122 0.997182
Pedestrian -1 -1 1.133185 232.570023 133.862778 297.268890 264.580780 1.907968 0.666792 0.765911 -5.453574 1.242695 11.245294 0.681637 0.995579
Pedestrian -1 -1 0.118948 765.068420 160.989883 879.973755 395.089935 1.645804 0.581299 0.794285 1.627089 1.502201 5.446902 0.409228 0.993047
Pedestrian -1 -1 -0.022108 1018.714722 130.519302 1274.539551 542.139832 1.853317 0.797778 0.986798 2.840345 1.636614 3.849858 0.613526 0.983726
Pedestrian -1 -1 -1.082471 632.995544 150.613541 691.802856 261.254395 1.651906 0.639330 0.964203 0.904637 1.215595 11.824732 -1.006115 0.925739
Pedestrian -1 -1 -0.151870 949.379639 145.136978 1142.383789 445.111908 1.717351 0.625855 0.928076 2.705211 1.511169 4.498280 0.389569 0.752364
