Car -1 -1 1.894137 330.160217 187.282593 444.057556 256.157928 1.506042 1.631358 3.979304 -5.711551 1.926708 18.830455 1.599642 0.999886
Car -1 -1 1.770843 407.406097 186.147537 477.449738 235.626358 1.429688 1.555587 3.771087 -5.650828 1.928648 24.401587 1.543278 0.999567
Car -1 -1 -0.891545 -268.164429 199.400269 218.973846 433.335724 1.673085 1.631890 3.797203 -5.845034 1.968288 7.348995 -1.563445 0.999430
Car -1 -1 1.748755 443.508331 182.696259 499.113281 226.106552 1.542413 1.547126 3.604439 -5.499961 1.980611 28.726680 1.559586 0.999210
Car -1 -1 1.746631 473.194519 182.688614 519.260498 216.207596 1.495983 1.593161 3.924527 -5.680657 2.020173 36.054284 1.590357 0.997981
Car -1 -1 1.749995 502.350677 180.784470 542.564514 207.760254 1.409586 1.619342 4.048779 -5.114577 1.915423 42.192658 1.629364 0.995999
Car -1 -1 -1.657947 665.105103 172.169998 708.324341 206.530518 1.484989 1.681666 3.776171 3.536379 1.488523 33.952039 -1.554164 0.975079
Car -1 -1 2.774426 773.271484 155.780304 890.886169 195.201340 1.599690 1.541554 3.914829 9.141511 0.919067 30.141110 3.068899 0.967507
Car -1 -1 -1.008846 1017.807434 144.742950 1091.542725 175.370926 1.535455 1.633235 3.844210 24.187879 0.091380 39.328641 -0.457456 0.938180
Car -1 -1 0.056054 1114.736328 136.107956 1242.378174 177.897018 1.491245 1.556749 3.726736 21.589486 0.131176 27.509307 0.721462 0.927079
