Pedestrian -1 -1 2.107036 984.566040 137.962067 1153.633667 426.728424 1.774264 0.629560 0.854475 3.130490 1.527169 4.861948 2.679094 0.999597
Pedestrian -1 -1 1.340649 561.027771 146.306015 675.142578 396.059357 1.743639 0.633369 0.930641 0.035326 1.505375 5.430477 1.347154 0.999393
Pedestrian -1 -1 2.138693 856.666992 135.424271 1026.139771 418.246826 1.805165 0.750032 0.886974 2.364888 1.541424 5.101822 2.572748 0.999233
Pedestrian -1 -1 -1.147311 820.058044 153.482788 917.588074 347.050262 1.685369 0.628221 0.803115 2.428184 1.456231 6.684046 -0.798854 0.999177
Pedestrian -1 -1 2.594569 256.236969 153.793610 370.296844 348.624573 1.650365 0.579346 0.757936 -2.718738 1.434687 6.465142 2.196496 0.998710
Pedestrian -1 -1 -2.043546 747.202637 148.128479 840.496948 339.868622 1.716444 0.588108 0.832634 1.785723 1.430471 6.906496 -1.790530 0.998597
Pedestrian -1 -1 -1.099823 658.262756 153.363312 748.525696 357.929718 1.722900 0.560602 0.779506 0.860874 1.498614 6.567063 -0.969477 0.998286
Pedestrian -1 -1 2.869414 520.528198 141.490265 578.750061 262.846802 1.725996 0.569433 0.752436 -0.877699 1.168256 10.612838 2.786900 0.997668
Pedestrian -1 -1 -1.019233 699.008850 162.007233 792.203613 357.355194 1.665234 0.584510 0.764801 1.228513 1.509762 6.533612 -0.833373 0.994927
Pedestrian -1 -1 1.084718 614.355469 158.909515 713.337097 374.104218 1.697393 0.580628 0.842413 0.470671 1.545721 6.299806 1.159291 0.987228
Pedestrian -1 -1 2.904827 241.098328 136.121353 306.050568 280.960236 1.900201 0.648874 0.710760 -4.811276 1.343090 10.150828 2.462212 0.963373
Pedestrian -1 -1 2.157469 631.818970 137.656494 700.596008 273.881805 1.826624 0.598234 1.022086 0.903437 1.282830 10.910983 2.240081 0.874494
Pedestrian -1 -1 1.043952 715.421326 140.252075 755.457703 224.744965 1.779863 0.587967 0.757048 2.870994 0.949964 15.870034 1.222923 0.870239
