Car -1 -1 -1.244875 252.898560 187.450211 448.609467 307.999939 1.441692 1.611429 3.813636 -3.723072 1.512471 10.982533 -1.571716 0.999943
Car -1 -1 -0.951029 -35.812145 181.062958 220.248032 297.921814 1.561778 1.573876 3.600280 -8.062517 1.514342 11.646001 -1.556568 0.999909
Car -1 -1 -1.709694 432.724121 180.021347 516.682251 237.797928 1.534817 1.656559 3.892859 -3.964126 1.411389 21.581536 -1.891350 0.999854
Car -1 -1 -1.823390 698.654175 189.238144 816.523743 268.267273 1.376279 1.567797 3.389236 2.908357 1.494061 14.892572 -1.630528 0.999807
Car -1 -1 -1.424851 483.674469 181.657898 535.141968 220.510178 1.492193 1.656067 3.754364 -4.153905 1.381628 30.635562 -1.559620 0.999093
Car -1 -1 -1.725411 650.828552 181.224091 706.445190 223.029587 1.460842 1.617910 3.817558 2.637842 1.344794 28.097191 -1.631803 0.999092
Car -1 -1 -1.294820 382.539429 181.690048 440.339722 219.571045 1.562592 1.613075 3.735623 -9.004955 1.444014 33.046242 -1.560857 0.993435
Car -1 -1 -1.636977 583.256653 180.538803 608.992249 204.016159 1.574559 1.669426 3.636290 -0.920864 1.278218 54.032017 -1.654018 0.901352
Car -1 -1 -1.498695 617.936707 179.438400 645.216125 203.368561 1.586521 1.675052 3.820645 1.741221 1.213236 53.823018 -1.466355 0.850464
Car -1 -1 -1.470269 528.058960 181.176361 555.449524 205.240494 1.549669 1.633838 3.701020 -4.894741 1.324316 53.185029 -1.562043 0.795919
