Car -1 -1 -0.814895 775.019714 188.306839 952.494873 265.337372 1.435671 1.567778 3.832095 5.307942 1.799496 15.435662 -0.483687 0.999855
Car -1 -1 2.777125 837.728821 185.695297 1089.007324 283.043976 1.569093 1.526141 3.510530 6.040803 1.804718 12.717104 -3.062601 0.999536
Car -1 -1 -2.536806 -70.449219 173.034332 299.520996 307.005402 1.661860 1.660224 3.987620 -6.645488 1.675476 9.925439 -3.126796 0.999149
Car -1 -1 -1.682841 632.983398 179.266083 682.190613 217.415375 1.410165 1.594455 4.114677 1.868521 1.717381 30.170497 -1.620988 0.998488
Car -1 -1 -1.023493 943.451538 192.333237 1166.357666 317.424225 1.513796 1.547103 3.486193 6.565150 1.858805 10.925465 -0.482409 0.998346
Car -1 -1 2.802679 318.478607 180.440186 465.327698 228.087387 1.472692 1.657397 4.420527 -7.354312 1.748570 24.385085 2.509763 0.996386
Cyclist -1 -1 1.404538 485.270050 176.830856 514.978821 235.454391 1.608558 0.538704 1.779721 -3.270156 1.741946 21.188653 1.251411 0.996208
Car -1 -1 -0.582553 1007.459717 191.984161 1578.427124 377.424866 1.525994 1.565492 3.455278 5.888170 1.701833 6.647088 0.142376 0.989063
Car -1 -1 0.728945 124.347816 164.487518 360.631866 256.566406 1.662516 1.657888 4.057005 -7.624482 1.540537 14.775099 0.252552 0.981773
Car -1 -1 -1.519365 616.290039 175.955017 646.454590 202.208572 1.550644 1.650433 3.997655 1.346085 1.796049 47.409295 -1.490979 0.898535
Car -1 -1 2.288099 754.541687 177.153442 858.212830 232.651733 1.710711 1.706690 4.013398 6.738900 1.927127 25.526974 2.546202 0.815949
