Car -1 -1 1.902238 290.674316 197.045898 474.320496 311.337769 1.377247 1.591019 4.091988 -3.507647 1.861610 11.834014 1.614083 0.999981
Car -1 -1 -1.873805 716.260803 183.495117 909.078674 306.020294 1.435756 1.606174 4.260631 2.707296 1.632378 11.009473 -1.632683 0.999957
Car -1 -1 1.754150 453.083679 186.461044 527.839233 240.706955 1.468878 1.656771 3.979288 -3.781544 1.950503 23.089535 1.591814 0.999809
Car -1 -1 2.222723 -87.772522 203.337402 382.767944 492.472076 1.544570 1.590814 3.812317 -3.392918 1.885002 6.337020 1.731149 0.999695
Car -1 -1 -2.201854 773.233276 178.693634 1406.939209 523.854675 1.531919 1.575725 3.698744 2.575482 1.583497 5.209398 -1.742703 0.999611
Car -1 -1 -1.766680 694.237061 180.231827 785.260315 247.682022 1.523885 1.592110 3.695064 3.101065 1.737212 18.346122 -1.599232 0.999215
Car -1 -1 -1.751973 638.227295 179.124466 675.822876 205.822144 1.463530 1.580133 3.750447 2.766135 1.874729 43.381470 -1.688296 0.996853
Car -1 -1 1.818164 402.461609 186.902206 492.833832 250.811920 1.515352 1.594270 3.816354 -4.399809 1.945738 20.026665 1.601903 0.992841
Car -1 -1 -1.703401 683.925232 180.070007 743.368774 228.243744 1.466082 1.590154 3.679285 3.518056 1.766202 25.442605 -1.565998 0.987033
Car -1 -1 -1.832786 595.754822 179.200226 629.256470 201.047928 1.474791 1.603297 3.779830 0.134402 2.024513 54.762345 -1.830332 0.761522
