Pedestrian -1 -1 2.189962 688.593689 158.952103 812.229431 345.647369 1.764187 0.882928 0.910480 1.461342 1.560994 7.315808 2.387119 0.998648
Pedestrian -1 -1 -1.026182 1007.049438 136.882050 1082.634399 280.866882 1.853544 0.612914 0.690656 6.017398 1.276715 9.831217 -0.476935 0.997672
Pedestrian -1 -1 2.661962 919.372375 127.981552 1020.579956 291.638763 1.944967 0.846847 0.851961 4.452291 1.304928 8.760814 3.132152 0.997602
Pedestrian -1 -1 1.450486 464.137207 172.687805 493.794312 241.327911 1.672615 0.653259 0.716566 -3.130037 1.463987 18.122164 1.279455 0.993954
Pedestrian -1 -1 3.089890 489.222656 171.148056 520.059814 238.731796 1.687010 0.687818 0.765169 -2.549008 1.424266 18.683888 2.954299 0.990567
Pedestrian -1 -1 -1.473123 551.009521 166.724701 584.156189 236.659256 1.743048 0.772321 0.936293 -0.904433 1.372602 18.618128 -1.521663 0.990327
Pedestrian -1 -1 -1.660811 588.885559 167.701904 617.829956 232.494812 1.709142 0.707566 0.996453 0.013499 1.351873 19.892459 -1.660132 0.979910
Pedestrian -1 -1 -1.694053 608.060120 168.523697 634.393616 226.161621 1.696843 0.717626 0.859490 0.588000 1.352531 22.425770 -1.667839 0.961247
Pedestrian -1 -1 -1.346501 634.173828 169.292557 660.631592 222.362778 1.702802 0.748658 0.840662 1.566567 1.350240 24.806828 -1.283434 0.937019
Pedestrian -1 -1 -1.682900 579.203369 164.726257 606.101868 223.317429 1.793540 0.794312 0.906807 -0.329837 1.279972 23.731940 -1.696797 0.921787
Pedestrian -1 -1 0.962288 -129.824905 168.144592 136.459198 551.710571 1.608231 0.665054 0.749031 -3.006537 1.571188 3.561950 0.261246 0.865087
Car -1 -1 1.513485 521.211121 172.828995 550.479004 199.200058 1.593641 1.725645 3.230111 -4.346858 1.059889 47.225453 1.421698 0.831246
