Car -1 -1 1.705256 462.749268 162.002289 560.674805 246.408920 1.691733 1.660692 4.216950 -2.007912 1.274064 16.676253 1.585427 0.999918
Car -1 -1 1.763669 377.761566 151.404053 474.277069 234.077133 2.132818 1.995612 4.516798 -5.167998 1.341467 21.655820 1.529408 0.999689
Pedestrian -1 -1 -2.072538 69.289528 166.498093 215.297348 387.039276 1.703636 0.702000 0.905478 -3.954557 1.605826 6.121675 -2.646091 0.998939
Pedestrian -1 -1 -2.882288 1015.366455 161.489929 1130.931885 329.022919 1.626838 0.573375 0.868010 4.810966 1.436872 7.400942 -2.305879 0.998379
Pedestrian -1 -1 2.886253 632.536438 159.827438 695.817200 260.046204 1.693229 0.764241 0.926332 1.046865 1.328995 12.539316 2.969546 0.997981
Pedestrian -1 -1 -2.979424 593.494019 159.603271 656.338928 265.546417 1.743425 0.710539 0.976904 0.357463 1.380194 12.220009 -2.950180 0.997709
Pedestrian -1 -1 -0.202581 260.127380 170.314972 313.285889 257.197815 1.798317 0.699777 0.920606 -6.828759 1.557240 15.486566 -0.617881 0.996960
Pedestrian -1 -1 2.777596 764.949341 148.411499 839.173767 261.017120 1.764070 0.704084 0.998156 3.199965 1.240023 11.610635 3.046526 0.996473
Pedestrian -1 -1 -1.285731 661.592102 159.496475 727.569336 264.609528 1.739521 0.902124 1.018462 1.576523 1.375294 12.443415 -1.159707 0.995867
Pedestrian -1 -1 1.394095 1150.156494 131.145752 1229.721069 300.645538 1.675671 0.586398 0.413409 6.170584 1.185463 7.611286 2.075335 0.995459
Pedestrian -1 -1 -2.457376 843.436218 150.351593 999.979797 345.829376 1.770085 0.812054 1.085289 3.085611 1.485872 7.091674 -2.046978 0.993024
Pedestrian -1 -1 -0.582024 354.580811 163.300598 384.946472 221.229523 1.817376 0.691598 0.693766 -7.827715 1.281097 24.174868 -0.895166 0.766278
