Car -1 -1 0.568650 711.496399 179.467407 812.701538 220.890060 1.520549 1.542878 3.653039 5.918731 1.807746 28.528710 0.773214 0.998749
Car -1 -1 -0.365210 805.894104 185.136749 1000.981934 251.358215 1.426189 1.575620 3.830613 6.596521 1.730092 16.637465 0.012264 0.998383
Car -1 -1 2.512201 325.762787 176.840256 483.952667 237.590775 1.518206 1.667126 4.070639 -5.650622 1.653742 20.033517 2.237285 0.998102
Car -1 -1 -2.701788 21.913055 177.540024 359.343811 286.025146 1.533064 1.687240 4.325024 -6.453005 1.631730 11.411465 3.066743 0.997149
Car -1 -1 -1.640232 641.958191 180.397919 672.732666 205.065628 1.349680 1.578648 3.977923 2.877020 1.858173 44.545869 -1.575736 0.997033
Car -1 -1 2.750174 901.718567 184.138550 1340.619263 318.822327 1.535260 1.654193 4.335384 6.203330 1.691365 9.363585 -2.947902 0.994620
Car -1 -1 0.123493 779.223633 181.270096 899.229065 229.426834 1.542777 1.603493 3.885407 8.097261 1.860427 25.609517 0.429728 0.986871
Car -1 -1 -0.527926 392.836884 176.841675 497.772675 217.536118 1.486588 1.585054 3.824173 -6.569775 1.676657 28.787858 -0.752297 0.982560
Car -1 -1 2.977138 237.717041 179.275894 447.496857 253.755936 1.427758 1.650044 4.134903 -5.933736 1.617482 15.976028 2.621515 0.857440
Car -1 -1 0.400401 453.376617 176.670029 540.492065 206.547531 1.433511 1.581382 3.980244 -5.743887 1.641953 36.349431 0.243678 0.839637
