Pedestrian -1 -1 -2.729914 727.928223 142.804214 878.709412 369.190765 1.792733 0.960731 1.007298 1.719489 1.495790 6.325327 -2.464487 0.998413
Pedestrian -1 -1 2.050252 1087.981323 135.619965 1167.391357 288.245758 1.841353 0.604074 0.628476 6.663917 1.295244 9.173468 2.678499 0.997811
Pedestrian -1 -1 -2.282290 935.108582 121.069756 1057.858398 297.347992 1.952221 0.948492 0.873831 4.687672 1.289109 8.689061 -1.787551 0.995829
Pedestrian -1 -1 1.442377 469.616974 168.555771 501.338531 242.803833 1.712774 0.652300 0.830519 -2.819600 1.427256 17.250712 1.280361 0.993418
Pedestrian -1 -1 -1.417065 610.129822 165.460876 637.982910 227.002518 1.716012 0.699003 0.870588 0.627927 1.289813 20.908906 -1.387042 0.989063
Pedestrian -1 -1 -1.463604 558.472534 166.843216 591.159058 234.984039 1.751482 0.777003 0.980714 -0.739680 1.368964 19.231507 -1.502047 0.988780
Pedestrian -1 -1 -1.661839 588.907104 163.802979 615.201050 219.616730 1.823776 0.821014 1.043626 -0.009405 1.258992 25.002677 -1.662215 0.986929
Pedestrian -1 -1 -1.775325 634.353455 164.142548 661.236084 223.147385 1.727953 0.680443 0.847979 1.408962 1.248015 22.269311 -1.712140 0.984926
Pedestrian -1 -1 1.396430 495.435822 166.095535 528.395081 242.251282 1.750109 0.655339 0.856082 -2.195792 1.401290 17.329562 1.270394 0.984491
Car -1 -1 1.521064 531.947021 170.805008 559.476074 196.502960 1.623364 1.718698 3.370231 -3.830314 0.948128 48.995991 1.443047 0.979065
Pedestrian -1 -1 -1.150145 657.972168 160.805939 687.879456 221.448441 1.823851 0.686053 0.855092 2.328774 1.214868 23.596409 -1.051772 0.909679
Pedestrian -1 -1 -1.204089 646.237366 162.471695 672.436768 218.319870 1.777396 0.667867 0.795062 1.921011 1.189760 24.267098 -1.125092 0.842709
Pedestrian -1 -1 -1.712200 572.629333 164.715637 603.675537 228.460098 1.748205 0.803017 1.044186 -0.408844 1.304638 21.032328 -1.731636 0.784939
