Car -1 -1 2.142031 120.297356 201.989044 339.913879 318.705719 1.455499 1.546973 3.546886 -5.986376 2.019537 11.833977 1.673703 0.999950
Car -1 -1 -1.777381 689.377136 174.892868 779.076843 236.338364 1.481157 1.611590 3.887848 3.194771 1.547209 19.542012 -1.615332 0.999908
Car -1 -1 1.900395 296.849518 194.860184 421.882477 267.211426 1.420420 1.628498 4.127203 -6.030840 2.027078 17.700919 1.572023 0.999892
Car -1 -1 1.874746 397.104187 188.946609 482.339417 237.596603 1.421357 1.638010 4.214291 -5.778744 2.023755 24.843129 1.646200 0.999729
Car -1 -1 2.913356 874.371277 152.986237 1035.046265 212.025391 1.710328 1.646949 4.191025 10.363235 1.150244 22.033074 -2.930182 0.997293
Car -1 -1 1.401465 487.630463 184.117905 529.686096 214.388123 1.508818 1.642070 3.744565 -5.776148 2.224903 41.140839 1.261978 0.997239
Car -1 -1 2.446633 975.301086 138.908478 1244.832153 231.203491 1.636534 1.633114 4.078456 9.314558 1.020568 13.647378 3.045528 0.996421
Car -1 -1 -2.977523 826.290710 157.286682 956.896240 206.531219 1.627118 1.695074 4.183122 10.109389 1.123003 26.087964 -2.607828 0.989906
Car -1 -1 2.919497 -436.709015 213.895309 199.123535 482.079254 1.389461 1.638161 4.064309 -5.697202 1.851023 6.373018 2.190031 0.976744
Car -1 -1 1.788967 449.775208 185.447922 503.327667 223.299088 1.482996 1.594554 3.874880 -5.945819 2.101912 32.430615 1.607641 0.972791
Car -1 -1 -1.442305 673.637268 176.493103 733.970093 220.339539 1.516663 1.649296 3.694456 3.512340 1.679732 27.794064 -1.316601 0.958830
Car -1 -1 -1.681522 657.267090 179.514313 697.823914 211.485474 1.453055 1.617161 3.613868 3.302189 1.818935 36.268563 -1.590724 0.955386
