Car -1 -1 1.854883 389.270630 160.682480 542.223083 270.938843 1.776127 1.679704 4.470965 -2.431549 1.407745 13.950831 1.682323 0.999949
Pedestrian -1 -1 2.520341 842.838074 159.819290 941.794067 310.688660 1.699055 0.588141 0.895643 3.382295 1.449105 8.439479 2.901512 0.998864
Pedestrian -1 -1 -1.950929 600.857727 162.601608 653.980347 256.736145 1.702161 0.703137 0.946836 0.441906 1.370797 13.626505 -1.918510 0.996842
Pedestrian -1 -1 1.864074 1150.717651 132.221725 1229.096191 297.204590 1.659817 0.568891 0.420925 6.206541 1.173440 7.655938 2.545295 0.996080
Pedestrian -1 -1 0.391207 679.069641 156.291641 740.201904 253.718170 1.753169 0.825117 0.910208 1.988632 1.295030 13.496817 0.537495 0.995270
Pedestrian -1 -1 -1.300846 563.290283 162.991287 610.897400 253.190292 1.738733 0.734868 0.901664 -0.327557 1.398368 14.513197 -1.323412 0.994964
Pedestrian -1 -1 -1.928944 636.453613 155.715820 690.927917 251.233734 1.810966 0.827275 1.002138 1.227233 1.319799 14.571737 -1.844923 0.994628
Pedestrian -1 -1 -1.135873 308.329834 164.604874 352.268402 246.041885 1.821243 0.671530 0.874897 -6.327229 1.435983 16.664759 -1.498738 0.992493
Pedestrian -1 -1 -2.466030 718.833069 154.692154 857.896057 333.710907 1.756768 0.820059 1.208359 1.952507 1.517164 7.774843 -2.219987 0.991599
Pedestrian -1 -1 -0.602119 351.822540 164.939682 380.087494 223.585342 1.779367 0.645191 0.608258 -7.655832 1.308032 23.266100 -0.920014 0.910425
Pedestrian -1 -1 0.240409 788.827515 156.183853 904.694153 327.113098 1.741329 0.665542 1.052894 2.631444 1.498603 7.818418 0.565069 0.810460
