Car -1 -1 2.078151 36.790520 200.151962 410.096832 395.043976 1.377293 1.690637 4.518089 -3.775562 1.773314 8.153138 1.644473 0.999908
Car -1 -1 1.851035 354.818207 188.476868 479.377594 269.767151 1.415952 1.574190 3.663794 -3.959972 1.794976 15.246649 1.596922 0.999890
Car -1 -1 -1.672338 647.471252 177.660934 697.135620 219.864410 1.564320 1.659092 3.626506 2.475441 1.787667 29.586007 -1.588863 0.998309
Car -1 -1 2.255613 -257.142822 208.476501 178.799561 398.406128 1.456149 1.595433 3.769772 -6.855750 1.963593 8.167271 1.557295 0.998169
Car -1 -1 1.776698 480.924103 182.531082 518.478455 209.857864 1.482314 1.551356 3.582542 -6.664605 2.112514 43.563374 1.624889 0.996716
Car -1 -1 3.121978 788.928711 162.413818 946.717529 216.414597 1.614054 1.668541 4.517523 7.934431 1.294570 22.592467 -2.823466 0.994910
Car -1 -1 -1.714690 446.903778 184.812744 495.411438 220.117859 1.488709 1.544494 3.732284 -6.521413 2.089114 33.884412 -1.904825 0.990928
Car -1 -1 -1.184736 1043.506714 143.548019 1106.768921 176.383591 1.731961 1.698806 3.937251 26.651532 0.165314 41.399926 -0.612761 0.978734
Car -1 -1 2.779483 947.260376 149.518539 1048.502686 181.482727 1.407715 1.522910 3.781167 18.178628 0.368687 34.019913 -3.012952 0.976702
Car -1 -1 -2.529656 732.438843 164.519470 835.389893 203.535049 1.602911 1.665974 4.176053 7.544632 1.267437 31.850034 -2.297063 0.972000
