Car -1 -1 -1.278373 304.231567 178.648972 478.310577 292.241852 1.488281 1.607941 3.816150 -3.303489 1.482702 11.450977 -1.559237 0.999950
Pedestrian -1 -1 -0.970466 164.893234 172.659882 213.511398 246.114197 1.773712 0.584339 0.938887 -10.328551 1.587294 17.488988 -1.503926 0.997576
Pedestrian -1 -1 2.743902 196.749268 176.872269 243.380005 242.923340 1.681242 0.517280 0.974047 -10.351668 1.632808 18.955834 2.244062 0.992990
Cyclist -1 -1 -0.860834 1155.468262 129.040909 1256.220337 217.741989 1.750634 0.548274 1.811298 12.615806 0.712168 14.879146 -0.157569 0.991767
Pedestrian -1 -1 -0.378584 565.789795 156.979828 616.433167 231.515320 1.811680 0.652710 1.099301 -0.403638 1.229641 17.914271 -0.401112 0.991282
Cyclist -1 -1 -1.079452 867.881104 148.301636 906.156494 198.560562 1.755373 0.571200 1.718940 10.392251 0.601880 26.116332 -0.700739 0.988894
Cyclist -1 -1 0.470324 824.396851 152.323029 868.729919 196.438812 1.754183 0.594515 1.635970 10.034110 0.603125 29.502669 0.798160 0.982830
Cyclist -1 -1 -0.330735 280.093445 164.387817 371.085907 245.279709 1.722126 0.564359 1.750502 -6.284514 1.365195 15.852964 -0.708156 0.980925
Car -1 -1 1.685157 468.651031 169.010086 498.625824 191.129074 1.503692 1.629616 4.001103 -8.992827 0.691529 52.320752 1.514941 0.976310
Cyclist -1 -1 0.039093 1046.823364 133.185242 1135.052612 206.387817 1.801639 0.601301 1.923390 12.824097 0.610226 18.746261 0.639060 0.974803
