Pedestrian -1 -1 -2.558257 1035.637695 146.827255 1172.432861 333.452911 1.631143 0.564255 0.847406 4.585236 1.350296 6.584375 -1.949964 0.999429
Pedestrian -1 -1 2.972566 838.928345 144.384659 912.778137 292.699615 1.716757 0.494927 0.778589 3.224802 1.311956 8.559853 -2.950328 0.998893
Pedestrian -1 -1 2.791964 270.811371 133.903519 329.890930 257.634796 1.920488 0.676403 0.706236 -5.040991 1.210970 11.601226 2.382056 0.996027
Pedestrian -1 -1 -2.199280 646.450378 143.643112 676.052429 204.495346 1.767183 0.606718 0.651073 1.643125 0.711813 21.157212 -2.121773 0.982017
Pedestrian -1 -1 -1.988262 434.126373 141.956299 477.508942 218.654724 1.742259 0.693587 0.974007 -3.638844 0.869895 17.056850 -2.198447 0.980672
Pedestrian -1 -1 -0.609786 399.232269 140.593872 444.835938 214.898422 1.818213 0.676237 0.970511 -4.961862 0.837475 19.058923 -0.864475 0.969798
Pedestrian -1 -1 1.849005 483.138519 145.669449 514.878601 215.724091 1.722856 0.625383 0.879451 -2.780140 0.865098 18.240909 1.697757 0.959932
Pedestrian -1 -1 0.140324 1003.919312 127.919281 1208.357422 452.832428 1.721666 0.669034 0.810108 2.811634 1.390463 3.996902 0.753364 0.952409
Pedestrian -1 -1 -0.780073 616.206238 140.247009 642.125366 197.301163 1.786993 0.543673 0.546054 0.748285 0.537884 22.876668 -0.747375 0.946214
Pedestrian -1 -1 1.323107 508.961792 149.579117 543.836731 217.323441 1.638868 0.641263 1.075191 -2.054700 0.888679 18.006137 1.209487 0.908758
Pedestrian -1 -1 -0.025324 813.150818 147.055069 876.972168 285.954681 1.669008 0.457305 0.764352 2.927841 1.261718 8.751242 0.297533 0.908511
Pedestrian -1 -1 -2.357148 628.300476 140.499191 656.492554 199.274612 1.790362 0.544848 0.539888 1.139643 0.564779 22.471688 -2.306477 0.858350
