Car -1 -1 2.021534 147.458481 193.087158 385.917480 323.058380 1.468398 1.627383 3.883457 -4.869403 1.825499 10.784615 1.597422 0.999964
Car -1 -1 -1.931654 763.429993 183.812225 977.362488 312.222443 1.505937 1.616351 4.179178 3.554043 1.697540 10.931764 -1.617321 0.999961
Car -1 -1 1.893005 318.614655 189.465942 453.684082 267.020630 1.368677 1.615484 4.117710 -4.830055 1.798272 16.000451 1.599833 0.999901
Car -1 -1 -1.797073 724.421143 183.111221 836.302673 259.608124 1.455235 1.595315 3.767291 3.513136 1.695700 15.860986 -1.579096 0.999778
Car -1 -1 -2.123722 885.850342 186.764725 1471.578125 495.904694 1.502022 1.618692 3.828986 3.637876 1.649987 5.692400 -1.555065 0.999137
Car -1 -1 1.729616 485.045990 180.402420 534.003296 217.163528 1.447392 1.554359 3.711104 -4.413944 1.817941 31.793824 1.591668 0.998283
Car -1 -1 -1.485148 710.296631 180.449097 774.824097 229.408051 1.481284 1.592107 3.874487 4.457613 1.774845 25.026524 -1.308881 0.994966
Car -1 -1 0.065907 1017.143555 176.156967 1161.384399 225.395218 1.551700 1.626067 3.988820 16.664269 1.694076 25.081170 0.652348 0.986764
Car -1 -1 -1.681615 690.125977 182.431778 734.033264 219.595291 1.441381 1.562412 3.153449 4.320574 1.870096 31.299474 -1.544442 0.889175
Car -1 -1 -0.937406 949.478760 182.482971 1014.232849 212.519241 1.479613 1.535096 3.199728 20.150161 2.061447 39.193127 -0.462522 0.867218
Car -1 -1 2.004882 -438.147156 209.404037 211.118484 508.515045 1.490390 1.612299 3.954085 -5.248381 1.867480 5.826221 1.271614 0.765474
