Car -1 -1 2.174737 -39.306667 204.179810 284.345093 371.340942 1.528846 1.570537 3.505764 -5.714064 1.982061 8.962626 1.607169 0.999878
Car -1 -1 -2.117910 844.250488 182.309708 1408.336914 496.688019 1.427361 1.558706 3.621107 3.093161 1.530188 5.356205 -1.594205 0.999747
Car -1 -1 1.446270 442.483093 188.574692 493.278748 226.035324 1.413790 1.547046 3.734331 -6.253346 2.172001 31.819604 1.252218 0.999517
Car -1 -1 -0.907817 178.770737 197.912903 257.255890 232.890060 1.545664 1.714363 3.960777 -20.285155 2.914395 37.198235 -1.407064 0.998446
Car -1 -1 -1.684808 648.343018 176.813995 690.774536 209.699127 1.512189 1.674239 3.652909 2.958430 1.750262 36.553281 -1.604049 0.997443
Car -1 -1 -2.126864 230.729080 197.118942 305.070343 229.351944 1.468175 1.622353 4.083305 -18.176986 2.832430 38.192574 -2.571071 0.994738
Car -1 -1 1.786646 462.361664 187.315643 509.094330 219.632202 1.443781 1.607150 3.833642 -6.363692 2.249843 37.242882 1.617410 0.991272
Car -1 -1 1.433712 499.909576 180.782654 533.347595 209.283310 1.671815 1.637724 3.749097 -6.185140 2.264086 47.650876 1.304632 0.986510
Car -1 -1 1.049587 100.499268 202.426895 167.218140 232.748337 1.530810 1.713305 3.669748 -27.098169 3.255600 41.155011 0.467300 0.808562
Car -1 -1 -1.950166 610.457581 174.862686 654.253967 198.248886 1.580042 1.639068 4.517029 1.598732 1.759140 53.140736 -1.920091 0.785555
