Car -1 -1 -1.320216 362.548584 176.144165 495.493408 267.676056 1.501016 1.620307 3.893759 -3.313464 1.439371 13.901185 -1.554208 0.999930
Pedestrian -1 -1 1.169565 246.365860 172.548676 278.639099 234.904663 1.761045 0.561077 0.746004 -10.024609 1.537870 20.573915 0.716170 0.995350
Pedestrian -1 -1 0.773920 548.434082 159.701950 589.073669 224.135422 1.849233 0.665268 1.036315 -1.142280 1.244455 21.366572 0.720510 0.993290
Cyclist -1 -1 0.653215 944.445251 141.379074 1007.144531 201.996094 1.846418 0.575976 1.784701 11.723875 0.673867 22.453273 1.134421 0.992736
Cyclist -1 -1 0.321035 1020.350891 134.389175 1115.696533 208.070572 1.779811 0.579299 1.868494 11.853841 0.659228 18.167443 0.899149 0.988384
Cyclist -1 -1 0.434888 760.219543 155.429413 801.548401 196.539642 1.770652 0.599360 1.765992 8.047940 0.687034 32.425160 0.678173 0.988011
Pedestrian -1 -1 0.103821 204.485382 177.183289 240.605484 232.697372 1.691150 0.500561 0.972152 -12.174707 1.630777 22.454957 -0.393001 0.985645
Cyclist -1 -1 -1.191475 842.499573 145.456497 880.425293 197.912750 1.761122 0.646148 1.930431 9.505856 0.543736 26.271016 -0.844293 0.982725
Pedestrian -1 -1 2.565926 265.597992 174.955872 304.825531 235.925003 1.677372 0.535221 0.816809 -9.206333 1.524788 20.254796 2.139314 0.959700
Cyclist -1 -1 -0.043537 288.224945 168.761688 357.328766 236.316864 1.716484 0.608787 1.628947 -7.425367 1.404432 18.468974 -0.425806 0.950203
Pedestrian -1 -1 -0.220672 360.483093 163.249435 389.125244 218.409683 1.793920 0.648435 0.800853 -7.964159 1.263993 24.336083 -0.536944 0.875615
Car -1 -1 1.710085 471.093781 169.335144 501.822388 192.304077 1.543677 1.636233 4.155293 -8.818236 0.759053 52.567025 1.543880 0.853845
Car -1 -1 0.106376 1112.891846 141.059311 1239.421631 182.401871 1.580711 1.692312 3.838628 23.642637 0.017275 29.311139 0.785134 0.787055
