Car -1 -1 2.077345 102.507202 203.374985 331.865784 324.594269 1.411619 1.568120 3.643250 -5.905495 1.978697 11.312316 1.596220 0.999961
Car -1 -1 1.947121 275.225922 195.928726 402.935577 273.293793 1.411016 1.522860 3.417647 -6.007139 2.005027 16.261265 1.593256 0.999893
Car -1 -1 1.861730 362.984009 191.741196 455.695557 246.639801 1.413465 1.627723 4.191007 -6.158486 2.062212 22.472956 1.594257 0.999826
Car -1 -1 1.829618 433.719604 187.749298 496.804962 228.069199 1.433207 1.588326 4.020178 -5.918909 2.099860 29.792731 1.633502 0.999027
Car -1 -1 -1.739549 674.584229 175.130768 740.716919 224.619354 1.569141 1.674927 3.798190 3.318955 1.669181 25.472138 -1.609981 0.997622
Car -1 -1 2.760968 872.303040 146.357193 1074.207031 215.831970 1.646521 1.645024 4.127653 9.019570 1.018002 18.173884 -3.061540 0.997512
Car -1 -1 1.395374 500.035950 182.672287 539.164185 209.954651 1.528130 1.669303 3.890366 -5.754945 2.217134 45.979150 1.270857 0.978904
Car -1 -1 2.721584 771.696228 159.056824 899.003723 203.744797 1.556338 1.660570 3.999714 8.280739 1.100670 26.910960 3.020098 0.978553
Car -1 -1 -1.651393 645.834839 178.552811 678.162720 206.431458 1.460370 1.664109 3.693709 2.985091 1.853803 42.901643 -1.581925 0.884377
Car -1 -1 -1.880449 1187.481934 134.394135 1274.735352 176.089355 1.635419 1.660905 3.467892 26.221376 0.085111 30.513268 -1.170555 0.843090
Car -1 -1 -1.643525 659.810242 177.315857 703.275452 214.930084 1.549469 1.669809 3.649244 3.142961 1.794553 32.735444 -1.547808 0.811404
