Car -1 -1 -2.007765 798.875061 178.415497 1138.136353 402.533691 1.667399 1.622874 3.638331 3.077481 1.728584 7.284242 -1.608027 0.999894
Car -1 -1 -1.736511 687.050903 187.274933 761.237183 242.877380 1.377138 1.552310 3.578198 3.197657 1.839044 20.994652 -1.585365 0.999739
Car -1 -1 -2.679404 22.099659 186.437668 336.510559 294.538696 1.486614 1.595213 3.805916 -6.632486 1.723107 11.262280 3.071555 0.999544
Car -1 -1 -2.302655 324.229706 185.289948 468.977539 245.971939 1.429273 1.627719 3.899086 -5.642939 1.786588 19.083903 -2.590154 0.998897
Car -1 -1 -2.436707 396.874146 180.124771 506.934479 225.989594 1.498565 1.594757 3.984878 -5.394086 1.766628 25.090783 -2.648467 0.998632
Car -1 -1 -2.631805 184.179947 183.043991 408.787354 268.376221 1.501224 1.598994 3.766769 -6.063741 1.727806 14.108037 -3.037741 0.998062
Car -1 -1 -1.041752 496.015411 179.199768 546.625671 205.975388 1.434759 1.506840 3.720736 -5.312215 1.842323 42.403062 -1.166382 0.996045
Car -1 -1 0.648342 735.358826 185.357208 839.031189 223.382843 1.350558 1.553268 3.889452 6.986117 1.901764 28.866168 0.885794 0.991099
Car -1 -1 3.097758 458.401581 180.620636 536.689270 212.874619 1.408139 1.578160 3.925045 -5.496891 1.846668 35.403115 2.943722 0.858941
Car -1 -1 1.612887 637.546448 169.056488 672.015198 207.428162 1.729164 1.507773 3.101082 2.199782 1.601967 36.781190 1.672623 0.823924
