Car -1 -1 -0.928533 884.171509 184.342224 1089.023438 286.394073 1.530628 1.568270 3.209436 6.417759 1.749694 12.444031 -0.452381 0.999804
Car -1 -1 -3.078866 238.113556 177.403671 428.453979 257.635284 1.660369 1.591503 3.898907 -6.265158 1.778835 16.562897 2.842689 0.999783
Car -1 -1 0.352025 85.163857 183.791412 388.978424 297.892029 1.557525 1.601348 3.947713 -5.789402 1.754435 11.472108 -0.115336 0.999245
Car -1 -1 -0.581601 953.799438 196.713257 1297.405640 317.087311 1.383270 1.520123 3.474921 6.618244 1.749123 9.599672 0.021992 0.999055
Car -1 -1 -0.423669 730.900146 182.655823 888.664490 239.335327 1.526314 1.616136 4.004887 5.696266 1.829654 21.025777 -0.159102 0.998536
Car -1 -1 0.463898 403.916626 180.590805 509.569824 219.321243 1.511629 1.586030 3.881289 -6.327549 1.843031 29.561932 0.253036 0.994518
Car -1 -1 -1.663771 636.109741 183.219894 675.611328 214.013855 1.359541 1.569189 4.132339 2.196875 1.926451 36.162175 -1.603094 0.992272
Car -1 -1 -2.225134 -380.829926 188.330597 214.371933 419.695801 1.544154 1.618937 3.817791 -5.662498 1.672793 6.031055 -2.979025 0.937476
Car -1 -1 -0.959858 349.997223 182.130035 461.239014 227.961166 1.487104 1.642617 4.233409 -7.148326 1.837996 25.575598 -1.232401 0.875682
Car -1 -1 0.402066 448.106323 178.518677 536.522156 209.990677 1.517525 1.579798 4.055613 -6.024018 1.821349 36.683434 0.239302 0.770508
