Pedestrian -1 -1 -1.384206 358.754120 161.353378 397.907318 256.253235 1.826080 0.637408 0.555860 -4.498190 1.434769 14.347066 -1.688026 0.998787
Pedestrian -1 -1 -1.964846 187.754944 162.601257 276.252686 329.869843 1.685520 0.659095 0.672421 -4.047141 1.503186 7.792521 -2.443863 0.992610
Pedestrian -1 -1 -0.270260 502.721222 171.988861 539.938171 236.493729 1.629039 0.759754 0.812658 -2.143085 1.390036 18.956217 -0.382837 0.983981
Pedestrian -1 -1 2.657660 629.543640 173.966873 672.690063 229.733871 1.526520 0.919605 0.868932 1.349289 1.317833 20.151475 2.724517 0.979596
Pedestrian -1 -1 1.120485 614.845154 168.148483 640.051086 208.933365 1.728346 0.873608 0.731425 1.143353 1.140622 32.484559 1.155668 0.970047
Pedestrian -1 -1 -0.181996 559.022522 170.243683 588.512207 223.353409 1.772999 0.901592 0.874596 -0.986057 1.412328 24.952832 -0.221493 0.963662
Pedestrian -1 -1 1.814542 588.912415 170.274841 611.385986 210.581512 1.748162 0.904195 0.805768 -0.086218 1.276824 32.999348 1.811929 0.946880
Pedestrian -1 -1 -2.661465 1155.319824 164.019562 1303.114014 413.716156 1.687714 0.607301 0.590733 4.490487 1.575903 5.208280 -1.949941 0.928287
Pedestrian -1 -1 -1.225964 601.844116 168.606750 625.561157 208.633713 1.772678 0.867379 0.784840 0.576853 1.195615 33.100167 -1.208538 0.832369
Pedestrian -1 -1 1.859528 624.502747 170.817123 649.452454 216.687500 1.661278 0.817842 0.682161 1.380585 1.224850 28.180113 1.908480 0.777584
Car -1 -1 -1.941955 733.030701 143.204269 1071.585327 377.041718 1.826798 1.643358 3.967265 2.792223 1.456013 7.593506 -1.589589 0.766505
Pedestrian -1 -1 -2.023290 661.814880 165.118164 687.199768 207.010895 1.792636 0.869272 0.841491 3.289868 1.094096 32.448506 -1.922247 0.761048
