Pedestrian -1 -1 -1.846492 272.315918 167.906448 385.058533 405.326050 1.711992 0.656342 0.878298 -2.197538 1.618760 5.677973 -2.215766 0.997797
Pedestrian -1 -1 -1.756229 106.743820 171.613220 221.739929 391.517242 1.652099 0.653150 0.890320 -3.653328 1.582130 5.905493 -2.310236 0.997529
Pedestrian -1 -1 -1.128276 179.535736 155.565948 351.218506 457.545715 1.770291 0.731344 1.112833 -2.236839 1.601918 4.665917 -1.575308 0.996575
Cyclist -1 -1 1.457429 478.507660 161.701370 513.951782 234.200928 1.801332 0.706858 1.984281 -2.863151 1.319124 19.309849 1.310227 0.984013
Pedestrian -1 -1 2.996238 69.405075 177.706848 174.757111 359.629852 1.663996 0.672000 0.815498 -5.007225 1.666859 7.429257 2.403184 0.983027
Pedestrian -1 -1 -1.149979 332.285645 156.725693 432.938049 335.246704 1.760491 0.724873 0.976872 -2.412937 1.540347 7.863660 -1.447705 0.977707
Pedestrian -1 -1 -1.256988 541.848816 167.300278 567.432495 213.024490 1.819256 0.800724 0.965520 -1.916384 1.236805 29.002471 -1.322968 0.975562
Pedestrian -1 -1 0.117331 657.671143 160.646133 689.997925 222.789978 1.765639 0.773082 0.888038 2.166182 1.180511 21.709632 0.216781 0.971426
Pedestrian -1 -1 -1.863748 155.549210 168.737717 273.344604 399.533234 1.688311 0.620587 0.943278 -3.366768 1.641704 6.117861 -2.366835 0.970780
Pedestrian -1 -1 1.326927 37.628101 180.392593 73.986778 249.193192 1.716695 0.644282 0.606695 -14.226778 1.686820 18.704745 0.676678 0.800603
