Car -1 -1 -1.894517 771.844482 181.920959 944.549744 293.595734 1.490654 1.570816 3.497699 3.726359 1.652161 11.647690 -1.584884 0.999946
Car -1 -1 1.994424 185.287140 192.961777 400.211121 313.513367 1.457806 1.623455 3.888432 -4.783313 1.829404 11.417709 1.597699 0.999946
Car -1 -1 -2.140378 870.314270 188.437439 1361.004150 448.585327 1.469178 1.592331 3.520156 3.613090 1.631242 6.058060 -1.602603 0.999884
Car -1 -1 -1.793221 721.103027 180.018692 829.143860 253.470764 1.492903 1.594630 4.061267 3.703979 1.677728 16.994712 -1.578628 0.999874
Car -1 -1 1.855646 346.160461 187.340927 467.714630 261.855835 1.433468 1.634062 4.128732 -4.644761 1.816396 16.916430 1.587679 0.999824
Car -1 -1 1.407830 419.995667 184.728012 503.687195 237.901169 1.402615 1.599953 3.956597 -4.567769 1.816597 22.465417 1.207240 0.999609
Car -1 -1 1.415929 514.457275 178.910767 557.671875 210.096634 1.461770 1.550895 3.742850 -3.841244 1.799164 37.425004 1.313648 0.998676
Car -1 -1 -1.511336 703.028198 179.937363 765.570129 228.245468 1.495696 1.663894 4.162837 4.252865 1.771740 25.496915 -1.346058 0.996775
Car -1 -1 -1.935443 927.841309 179.129745 976.014099 205.669128 1.491173 1.592406 3.494437 21.176187 1.933563 44.920315 -1.494922 0.983223
Car -1 -1 -1.657246 688.165100 179.552948 728.163269 214.392212 1.549246 1.645097 3.717684 4.807402 1.932249 36.072701 -1.524757 0.961182
Car -1 -1 0.509216 951.036316 174.752670 1049.353027 210.439285 1.535993 1.583143 3.967642 18.624196 1.669654 34.563065 1.003456 0.805147
