Car -1 -1 -1.441316 452.762482 172.521698 527.749207 227.917679 1.496339 1.691979 4.057527 -3.487136 1.281748 21.672050 -1.600853 0.999875
Cyclist -1 -1 -0.130853 637.733765 162.210297 672.217285 196.186142 1.823563 0.578074 1.791204 2.714184 0.828361 38.988809 -0.061351 0.988976
Cyclist -1 -1 -0.280518 815.900879 148.542404 870.485901 198.911728 1.787271 0.546779 1.708086 8.809001 0.658532 26.272996 0.042990 0.985399
Car -1 -1 -0.615666 1005.511292 150.821732 1117.818726 184.532684 1.504176 1.666523 4.116285 21.645721 0.151225 33.488767 -0.041855 0.984369
Pedestrian -1 -1 0.065949 390.382050 165.622696 417.142029 213.361588 1.752621 0.574417 0.944364 -7.678818 1.213961 26.907506 -0.212040 0.979840
Cyclist -1 -1 0.357584 750.998962 155.969955 796.839844 199.514053 1.802660 0.573776 1.627608 7.258778 0.778153 30.425998 0.591778 0.976557
Pedestrian -1 -1 0.918280 418.059265 163.114243 448.247894 212.393051 1.803076 0.628690 0.991198 -6.466084 1.155521 26.492734 0.678890 0.973978
Pedestrian -1 -1 0.866418 520.829529 164.002396 549.864380 209.522278 1.816788 0.649972 1.045444 -2.871947 1.144836 28.841493 0.767168 0.972409
Cyclist -1 -1 -0.028971 309.657715 171.125076 363.060608 222.103561 1.699891 0.613443 1.777704 -9.385628 1.375909 24.619884 -0.393185 0.924968
Pedestrian -1 -1 -2.065113 272.385895 173.636581 300.318939 216.927979 1.648845 0.586747 1.029237 -12.830448 1.413134 28.384881 -2.489643 0.776896
