Car -1 -1 1.501585 561.830566 179.375412 603.303711 213.419342 1.545095 1.666422 4.006646 -0.939493 1.473522 36.267895 1.475686 0.998056
Pedestrian -1 -1 1.297666 432.411987 172.253998 474.707489 255.753510 1.771656 0.753412 0.719978 -3.326411 1.581314 15.954706 1.092119 0.995618
Pedestrian -1 -1 -1.385388 745.192322 169.903091 785.551636 252.355865 1.769464 0.739131 0.971113 3.699567 1.527221 16.354558 -1.162922 0.995505
Pedestrian -1 -1 0.117062 772.637451 166.072449 816.514771 244.897095 1.766398 0.684426 0.920772 4.451581 1.414687 16.698889 0.377583 0.994602
Pedestrian -1 -1 -1.560540 683.063477 174.321716 733.553101 285.939331 1.721057 0.766436 0.957464 1.696013 1.629620 11.739577 -1.417063 0.992602
Pedestrian -1 -1 -1.547490 716.405273 175.015259 761.260315 280.034698 1.692172 0.713824 0.957556 2.335664 1.610213 12.429509 -1.361743 0.991894
Pedestrian -1 -1 0.150367 806.702148 167.088318 857.542480 249.685822 1.743289 0.738319 0.964078 4.987082 1.434072 15.644582 0.458957 0.990973
Pedestrian -1 -1 -1.344999 641.049866 170.316681 677.685486 238.790085 1.903862 0.901183 1.008496 1.674939 1.592895 21.211617 -1.266199 0.988451
Pedestrian -1 -1 1.210074 387.066925 174.885651 430.585724 255.562668 1.766342 0.722765 0.808755 -4.366142 1.616617 16.174086 0.946412 0.985631
Cyclist -1 -1 2.219632 -197.348526 182.434830 208.067474 617.201050 1.483386 0.534974 1.567574 -2.343060 1.489115 3.124707 1.576227 0.829344
Pedestrian -1 -1 -1.771089 667.427429 173.185699 695.779785 231.540527 1.795659 0.793248 0.942891 2.681406 1.569423 24.391989 -1.661599 0.821023
