Car -1 -1 2.085941 172.646240 199.477188 359.484192 303.706635 1.447643 1.514725 3.442481 -5.977356 2.006074 12.843701 1.650361 0.999951
Car -1 -1 1.902835 317.414948 194.107529 432.381897 260.239807 1.410822 1.627477 4.033464 -6.065174 2.026832 18.920750 1.592627 0.999910
Car -1 -1 -1.745928 685.475708 174.529190 765.982849 232.768936 1.503449 1.608787 3.896023 3.184092 1.564775 20.844184 -1.594343 0.999870
Car -1 -1 2.254307 -192.984177 212.493027 245.153366 414.552856 1.382419 1.593014 3.822120 -5.672958 1.921876 7.716903 1.620388 0.999662
Car -1 -1 1.871841 409.729523 188.441666 487.195374 234.420929 1.428288 1.581171 4.140156 -5.796851 2.041812 26.226584 1.654309 0.999336
Car -1 -1 -3.016147 945.588013 140.269730 1193.171875 226.252609 1.648963 1.638049 4.173801 9.409885 1.011936 14.967324 -2.454895 0.996719
Car -1 -1 1.402037 489.945862 184.715866 531.323730 213.193146 1.441691 1.584373 3.779079 -5.672466 2.167056 41.333794 1.265653 0.995434
Car -1 -1 -1.647689 655.528687 179.190933 693.211304 211.189499 1.461620 1.617907 3.519338 3.149220 1.811290 36.452840 -1.561511 0.994656
Car -1 -1 -3.124774 856.128418 154.252686 1007.496704 209.448563 1.690924 1.666962 4.338043 10.323887 1.132079 23.444804 -2.709976 0.994296
Car -1 -1 1.766221 456.067139 185.613861 507.823944 223.799988 1.504098 1.545340 3.710475 -5.644323 2.118631 31.956744 1.591400 0.990339
Car -1 -1 -2.743077 811.208557 157.835251 940.741394 204.760269 1.588066 1.677644 4.042129 9.679949 1.098191 26.459235 -2.392357 0.989079
Car -1 -1 1.860249 516.901611 179.551010 553.511353 203.911194 1.599087 1.600799 4.064916 -5.475522 2.147508 53.265176 1.757811 0.829399
Car -1 -1 -1.709696 672.336304 175.733795 730.669617 220.768707 1.533144 1.699033 3.836023 3.410285 1.675123 27.958293 -1.588318 0.821853
