Car -1 -1 2.014737 156.701279 200.789230 352.465240 308.184265 1.423368 1.570699 3.757638 -6.021710 2.004798 12.625505 1.569701 0.999957
Car -1 -1 1.912015 299.796417 194.723373 412.992340 266.062897 1.425933 1.522817 3.376178 -6.037796 2.010654 17.370398 1.577487 0.999876
Car -1 -1 1.855124 377.629272 191.039780 461.836060 241.959412 1.395770 1.606259 4.063145 -6.208560 2.057138 23.877143 1.600736 0.999761
Car -1 -1 1.828998 440.159485 187.208771 501.100616 226.276749 1.416909 1.574383 4.027286 -5.851664 2.078457 30.528718 1.639618 0.999500
Car -1 -1 2.301220 -369.156586 210.108917 215.314285 461.231445 1.552797 1.643123 3.943295 -5.800119 1.990009 6.974850 1.607520 0.999444
Car -1 -1 -1.741444 672.709412 174.880890 737.924072 222.165009 1.492250 1.654680 3.764246 3.237878 1.588715 25.390679 -1.614606 0.998879
Car -1 -1 2.825087 854.742676 147.942596 1044.872192 213.372238 1.617847 1.629776 4.133242 8.791010 1.004877 18.992381 -3.024593 0.997356
Car -1 -1 1.375451 502.694031 181.931015 541.260559 208.184219 1.547047 1.672528 4.001412 -5.872989 2.215983 48.275479 1.254391 0.995189
Car -1 -1 2.737810 763.338257 159.209595 891.977539 202.958954 1.561429 1.661810 4.119116 8.277805 1.096458 27.793029 3.027281 0.981870
Car -1 -1 -0.946873 1162.154541 133.004150 1275.483032 179.477783 1.677373 1.601843 3.565436 23.650599 0.192012 28.107524 -0.247373 0.937773
