Pedestrian -1 -1 -1.316963 272.428162 135.051071 328.795959 257.676270 1.915554 0.684820 0.690435 -5.108190 1.226869 11.756052 -1.726866 0.997298
Pedestrian -1 -1 -3.113189 718.432739 148.501175 777.730103 244.365738 1.717083 0.515323 1.071090 2.651301 1.134024 13.312440 -2.916601 0.995233
Pedestrian -1 -1 -1.162063 580.632874 152.314362 643.093628 256.227997 1.601239 0.715372 0.991546 0.066892 1.172807 11.604879 -1.156299 0.992803
Pedestrian -1 -1 1.902809 554.490234 154.765396 602.374878 255.819687 1.561852 0.574741 0.868352 -0.492110 1.160802 11.516317 1.860103 0.990404
Pedestrian -1 -1 1.342911 468.437500 140.942947 506.781769 222.779297 1.765211 0.657039 0.921826 -2.647324 0.927577 15.700110 1.175864 0.989246
Pedestrian -1 -1 1.844014 526.334717 142.375580 562.670593 224.105179 1.784199 0.635901 0.834733 -1.423542 0.961726 16.209592 1.756418 0.988270
Pedestrian -1 -1 1.145005 429.916626 137.917053 477.718414 222.914490 1.827561 0.705582 1.068202 -3.520100 0.908937 16.274566 0.931992 0.983801
Pedestrian -1 -1 -0.771187 648.004150 145.044022 676.372192 203.722504 1.746951 0.591421 0.610889 1.744677 0.700016 22.019311 -0.692118 0.978051
Pedestrian -1 -1 1.897628 505.071655 140.833496 541.230103 218.777512 1.795809 0.640356 0.930188 -2.023480 0.894861 17.081092 1.779715 0.977663
Pedestrian -1 -1 -2.718499 617.567383 142.643066 641.282349 199.955658 1.787376 0.549620 0.626381 0.810752 0.612489 23.706731 -2.684313 0.879237
Pedestrian -1 -1 -0.884818 416.596619 142.427551 457.336639 212.856201 1.842502 0.612136 1.089080 -4.725446 0.827190 19.635661 -1.120983 0.797144
