Car -1 -1 -1.755878 712.535400 188.372498 830.918762 276.642426 1.371746 1.523920 3.362071 2.805620 1.696271 13.394149 -1.549397 0.999906
Car -1 -1 -0.420534 773.639282 174.695969 953.569580 244.464462 1.717928 1.613642 3.905356 6.542618 1.766089 18.905400 -0.087363 0.999568
Car -1 -1 0.648133 263.733063 185.678482 446.378052 252.499023 1.438360 1.630250 3.990695 -6.119206 1.788214 17.296954 0.308100 0.999401
Car -1 -1 0.567101 -72.685944 195.328125 318.355133 322.400818 1.435760 1.599783 4.032562 -6.272211 1.767547 9.512318 -0.015838 0.999312
Car -1 -1 -0.158459 144.461349 186.410919 395.427338 285.612671 1.482569 1.512955 3.474016 -5.914234 1.743974 12.336981 -0.605484 0.999096
Car -1 -1 3.067933 353.682495 181.907242 476.002380 229.899338 1.413450 1.621093 3.900906 -6.257468 1.728850 23.313889 2.805712 0.998711
Car -1 -1 -1.676718 636.009705 179.461578 667.326355 203.789032 1.431367 1.585722 4.203310 2.664505 1.914320 47.415467 -1.620582 0.998643
Car -1 -1 -2.083226 703.218323 179.166473 773.483398 218.283356 1.524445 1.566205 3.731111 5.625516 1.846736 31.799126 -1.908129 0.997365
Car -1 -1 2.655056 401.245239 178.577545 507.007233 217.286652 1.507740 1.625157 4.047121 -6.628409 1.785401 30.951264 2.444086 0.973832
Car -1 -1 2.754279 458.400879 179.392868 542.033142 209.698654 1.453217 1.642471 3.943456 -5.721912 1.837000 37.471482 2.602749 0.809617
