Pedestrian -1 -1 0.278635 666.309753 153.865463 734.714478 287.559326 1.628147 0.628064 0.775225 1.174510 1.307342 9.147306 0.406336 0.998894
Pedestrian -1 -1 -2.079200 601.753357 164.165710 666.599487 292.936096 1.529902 0.531565 0.769276 0.320889 1.353106 8.980380 -2.043483 0.998114
Pedestrian -1 -1 -1.902878 273.639801 134.217072 329.835052 257.121918 1.914205 0.666134 0.682087 -5.049490 1.217198 11.654544 -2.311728 0.996178
Pedestrian -1 -1 -1.138563 537.726807 139.505020 587.497131 235.744980 1.789098 0.715031 0.845579 -0.879270 1.020365 13.882436 -1.201816 0.995483
Pedestrian -1 -1 1.220429 499.664917 139.952713 546.536560 234.922333 1.772441 0.644725 0.892010 -1.661197 1.008578 13.906021 1.101534 0.994350
Pedestrian -1 -1 1.978898 480.056427 140.624695 525.241577 232.589493 1.780188 0.642911 0.947471 -2.131532 0.990644 14.296227 1.830891 0.991452
Pedestrian -1 -1 -1.956980 632.874817 159.436768 703.061157 290.982300 1.588762 0.594393 0.919905 0.738538 1.330604 9.064892 -1.875687 0.943778
Pedestrian -1 -1 1.131004 653.948853 145.611221 692.606384 223.265884 1.716004 0.613152 0.870924 1.553886 0.960793 16.688653 1.223847 0.929605
Pedestrian -1 -1 1.204648 466.583893 142.511749 500.164398 210.111710 1.777444 0.648287 0.936112 -3.493694 0.770011 20.070218 1.032302 0.927198
Pedestrian -1 -1 1.986665 441.254547 144.584015 473.963806 205.301498 1.759926 0.628313 0.967937 -4.475921 0.727647 21.358768 1.780095 0.923486
Pedestrian -1 -1 -0.684654 590.172119 142.188553 617.784546 194.516571 1.756907 0.550233 0.686419 -0.069724 0.481499 24.748794 -0.687471 0.887881
Pedestrian -1 -1 -0.130755 246.351227 136.684937 307.228790 260.440308 1.881565 0.720963 0.759681 -5.293770 1.235340 11.256748 -0.570341 0.856373
Pedestrian -1 -1 2.132954 410.139832 142.626770 449.441071 205.592529 1.810653 0.654688 1.138482 -5.295621 0.723102 21.243983 1.888656 0.840663
