Car -1 -1 -1.172515 119.223251 183.424286 436.450195 374.396851 1.490996 1.622619 3.855642 -3.167403 1.541669 7.627228 -1.566121 0.999948
Pedestrian -1 -1 -0.695893 103.723892 182.839676 157.149673 256.989227 1.653787 0.499621 0.924632 -10.950321 1.708437 16.263648 -1.288474 0.995810
Pedestrian -1 -1 -2.231318 58.494503 185.013535 110.633514 263.632568 1.658661 0.517718 0.838847 -11.608714 1.766778 15.709525 -2.867716 0.993629
Pedestrian -1 -1 3.062514 -20.282007 176.664963 53.778255 277.747528 1.704259 0.540564 0.983295 -10.602307 1.672948 12.694731 2.366691 0.992846
Pedestrian -1 -1 0.901441 622.140442 153.775330 672.555664 249.135910 1.853246 0.657537 0.836184 0.823334 1.330818 14.551364 0.957962 0.992108
Pedestrian -1 -1 -0.282326 381.844604 153.972900 454.640747 267.622314 1.820060 0.599528 1.089713 -3.264642 1.394525 12.185663 -0.544088 0.984924
Cyclist -1 -1 -1.438604 918.547241 147.548630 950.599915 208.943497 1.750389 0.648964 1.574156 10.041465 0.808699 21.636714 -1.004091 0.981670
Cyclist -1 -1 -0.027067 958.019043 148.599625 1008.231323 195.570282 1.792123 0.603134 1.816627 15.176878 0.538400 28.475806 0.462611 0.981282
Pedestrian -1 -1 0.494089 126.799194 179.680344 176.154999 251.786423 1.671736 0.500337 0.867683 -11.545803 1.725010 17.961030 -0.077225 0.981081
Car -1 -1 1.488930 461.300659 170.636093 491.802734 194.076462 1.466726 1.682916 4.218814 -8.900938 0.827358 48.963143 1.309105 0.978866
