Car -1 -1 1.737853 395.783783 152.326096 487.051086 232.016068 2.174412 1.961299 4.761483 -4.924315 1.326820 22.546839 1.522825 0.999424
Pedestrian -1 -1 -1.208307 700.161865 156.223663 791.893188 319.969696 1.746124 0.787865 0.903051 1.619856 1.483498 8.276512 -1.015033 0.998708
Pedestrian -1 -1 -1.258961 786.508057 150.812683 888.130432 314.696899 1.799302 0.909389 1.004569 2.720842 1.460857 8.451394 -0.947499 0.998193
Car -1 -1 1.550585 526.464661 163.651276 567.064636 207.951706 1.828758 1.809879 4.341881 -2.485345 1.065300 32.522435 1.474314 0.998068
Pedestrian -1 -1 2.817328 351.515778 166.490936 408.725830 271.176910 1.774331 0.684205 0.803836 -3.959933 1.509290 12.737900 2.515921 0.996063
Pedestrian -1 -1 -1.687072 234.595062 166.350708 291.660675 283.808136 1.794119 0.747043 0.918611 -5.597127 1.564438 11.790819 -2.130277 0.995426
Pedestrian -1 -1 2.101820 1061.174683 143.738159 1213.728149 327.065826 1.777570 0.835820 1.056240 5.500961 1.413600 7.445304 2.738147 0.992739
Pedestrian -1 -1 -1.137447 757.540222 156.450806 828.271362 282.038452 1.711763 0.749274 0.925744 2.885911 1.400324 11.003901 -0.880961 0.992289
Pedestrian -1 -1 -1.717251 616.082581 165.900146 653.166809 239.185226 1.755468 0.789648 0.899686 0.779766 1.373784 17.839371 -1.673569 0.985496
Pedestrian -1 -1 -2.059984 321.513428 166.419678 384.271271 272.929108 1.770840 0.664782 1.048730 -4.523399 1.551523 12.961733 -2.395751 0.964407
