Car -1 -1 1.703119 553.841370 177.128265 600.306091 213.179230 1.506564 1.662969 4.090240 -1.097761 1.336441 33.523427 1.670385 0.999176
Pedestrian -1 -1 -1.871136 390.356445 167.339706 446.684662 273.885925 1.754863 0.766101 0.712040 -3.202867 1.509153 12.389630 -2.124110 0.997127
Pedestrian -1 -1 0.198299 862.322815 164.387482 922.662781 269.119446 1.713137 0.713912 0.850643 4.920523 1.433184 12.268228 0.579734 0.996759
Pedestrian -1 -1 1.925219 826.627136 164.507996 876.843262 263.949249 1.720268 0.620526 0.839488 4.452871 1.415085 12.920352 2.257111 0.995564
Pedestrian -1 -1 -1.340439 639.910278 167.673843 677.325500 241.024750 1.876746 0.840719 0.916324 1.504611 1.521672 19.356660 -1.262865 0.994814
Pedestrian -1 -1 -1.582790 715.496765 167.287262 773.310486 299.087067 1.736655 0.753529 1.017702 1.962849 1.546762 10.163113 -1.392005 0.994568
Pedestrian -1 -1 -1.197422 761.884155 162.416275 809.519226 252.504196 1.822041 0.730782 0.890861 3.939297 1.443729 15.504369 -0.948611 0.993982
Pedestrian -1 -1 -1.985826 322.545654 171.053162 376.279663 269.315887 1.742054 0.677192 0.791287 -4.724516 1.570233 13.339104 -2.326225 0.991718
Pedestrian -1 -1 -3.111668 684.131409 174.322845 728.559448 265.570129 1.665057 0.746695 0.943669 2.003962 1.563469 14.080729 -2.970298 0.991337
Pedestrian -1 -1 -1.695674 738.241943 164.806213 792.540222 275.640045 1.783554 0.744298 1.025753 2.793209 1.544483 12.404201 -1.474186 0.968283
Pedestrian -1 -1 -1.750231 665.046387 171.811935 695.781250 240.985504 1.777128 0.733341 0.863881 2.177917 1.549852 20.269024 -1.643191 0.911384
