Pedestrian -1 -1 2.237319 1094.005981 142.653305 1210.617188 278.863983 1.771438 0.814034 0.980822 7.313360 1.263829 9.627094 2.886976 0.998168
Pedestrian -1 -1 -1.341497 760.842468 164.977707 862.600220 350.576782 1.703329 0.825921 0.920976 2.043358 1.561039 7.173486 -1.063998 0.997866
Pedestrian -1 -1 -2.639500 982.549194 147.601593 1041.823975 262.947876 1.791230 0.662086 0.590936 6.613039 1.263463 11.644421 -2.123007 0.997828
Pedestrian -1 -1 -1.329564 842.926880 154.605209 965.052124 350.526947 1.788805 0.934704 0.953934 2.893747 1.559020 7.010178 -0.938079 0.997695
Pedestrian -1 -1 -1.747588 95.435089 163.954971 211.990021 351.968109 1.787866 0.881401 0.877201 -4.706562 1.626943 7.469414 -2.309854 0.997547
Pedestrian -1 -1 1.966964 434.425873 166.784576 493.915466 267.627289 1.764920 0.768511 1.018289 -2.555453 1.510826 13.179143 1.775440 0.996432
Pedestrian -1 -1 -0.204215 683.254150 163.705734 727.093323 241.167755 1.766164 0.732622 0.909904 2.421407 1.371212 17.115040 -0.063669 0.994490
Pedestrian -1 -1 -1.166166 905.526367 158.158035 971.367004 275.220093 1.691363 0.681887 0.800290 5.294078 1.378380 11.368325 -0.730344 0.993651
Car -1 -1 1.561847 548.497009 169.408707 577.146851 198.310699 1.740356 1.791348 4.008483 -2.594819 1.007861 48.398072 1.508284 0.938455
Pedestrian -1 -1 1.232227 464.342316 169.164459 498.902954 241.932053 1.731422 0.682356 0.883197 -3.285317 1.492824 19.531235 1.065578 0.855791
Pedestrian -1 -1 -0.227688 479.685089 168.412842 509.188904 230.399887 1.749073 0.652307 0.796751 -3.385926 1.418133 22.556292 -0.376686 0.825969
Cyclist -1 -1 -0.945658 -7.583412 176.434723 128.993332 344.077789 1.733526 0.571464 1.318333 -6.094905 1.696560 8.113927 -1.589905 0.815589
Pedestrian -1 -1 -1.870016 436.128540 166.618698 468.753510 238.272675 1.774783 0.687086 0.746216 -4.183638 1.423963 19.967965 -2.076546 0.778475
