Car -1 -1 1.319847 860.686890 172.486862 980.067200 247.275085 1.498630 1.584864 3.917948 7.119563 1.521796 17.010360 1.716235 0.999847
Car -1 -1 -1.901869 367.385223 194.567261 494.356415 266.052307 1.347385 1.581597 3.848333 -4.338986 1.900259 16.690236 -2.156211 0.999828
Car -1 -1 -2.244947 505.683167 160.452271 796.884033 330.228607 1.778632 1.620222 3.825675 0.209625 1.664861 9.588154 -2.223087 0.999821
Car -1 -1 1.560299 767.691589 171.792847 845.650879 241.876419 1.608089 1.730571 4.052281 5.124416 1.615999 19.100449 1.822414 0.999671
Car -1 -1 -1.707319 258.071411 188.664398 319.156830 229.344559 1.386234 1.624095 4.144698 -13.130138 2.087466 29.126408 -2.130837 0.999443
Car -1 -1 -2.712285 435.618164 175.161209 526.888428 214.462769 1.737079 1.623519 3.815914 -6.106396 1.877035 33.916169 -2.890421 0.999180
Car -1 -1 1.492071 31.311989 189.546814 82.984230 226.345123 1.627274 1.639773 3.646627 -27.849227 2.524645 36.391915 0.838875 0.997917
Car -1 -1 -1.593157 211.114594 181.453598 238.014297 206.389542 1.751172 1.720502 4.997898 -30.386989 2.493223 56.755482 -2.084723 0.990159
Car -1 -1 -1.685269 243.961670 187.671890 291.828156 222.827866 1.435293 1.641003 4.283946 -16.500369 2.175643 34.526772 -2.131081 0.923696
Car -1 -1 -0.584518 949.642700 164.557251 1105.984985 218.604355 1.604828 1.586174 4.353747 13.677753 1.387592 23.846192 -0.063750 0.912042
