Car -1 -1 -1.839951 723.346924 161.358505 950.933044 326.454681 1.765985 1.709058 4.416067 2.721272 1.644010 9.872684 -1.570993 0.999928
Car -1 -1 -1.787881 696.974670 180.960510 807.050842 256.341522 1.501350 1.615240 4.019453 3.029637 1.695251 16.464953 -1.605911 0.999600
Car -1 -1 -1.681618 650.350159 175.772110 692.800049 209.981537 1.465626 1.560655 3.597542 2.766524 1.630680 33.499627 -1.599222 0.999374
Car -1 -1 -1.675231 676.455078 177.228668 742.470215 231.971115 1.498559 1.575620 3.762835 2.875476 1.647444 21.934474 -1.544880 0.999309
Car -1 -1 -2.368447 217.834442 175.175613 397.747833 252.307892 1.572744 1.709739 4.070982 -6.829144 1.669779 16.573737 -2.759294 0.997927
Car -1 -1 0.686748 -379.922028 179.141205 262.017120 375.747406 1.509628 1.680269 4.174012 -5.794963 1.582002 6.581481 -0.035186 0.993795
Car -1 -1 -2.248394 370.045502 178.628540 476.184875 223.973236 1.474191 1.672194 4.085707 -6.588771 1.695212 25.590232 -2.500393 0.964067
Car -1 -1 0.686470 -30.537664 189.622162 300.124298 305.180725 1.402753 1.620810 4.276104 -7.007361 1.707578 10.898185 0.115042 0.938163
Car -1 -1 2.617483 418.548218 174.189835 513.728882 210.606659 1.505548 1.602049 3.877790 -6.397196 1.580369 32.070496 2.420594 0.834504
Car -1 -1 -0.734291 147.376831 183.959213 332.946594 258.301422 1.444617 1.535569 3.746929 -8.175707 1.731737 16.068537 -1.204955 0.832273
