Car -1 -1 -1.730724 699.778564 187.590408 801.535156 263.604126 1.384384 1.559620 3.450589 2.846993 1.731096 15.499798 -1.549069 0.999914
Car -1 -1 0.390056 68.428864 189.563400 374.889282 293.711609 1.437047 1.566642 3.845243 -5.890446 1.720623 11.221203 -0.093343 0.999688
Car -1 -1 0.376246 758.166443 176.882126 920.258057 238.574493 1.651037 1.653599 4.054127 6.485368 1.772950 20.712071 0.679696 0.999615
Car -1 -1 -0.844989 311.067047 183.516815 467.836365 244.768723 1.429771 1.657021 4.063017 -5.618808 1.735686 18.618930 -1.138077 0.999310
Car -1 -1 -1.670092 635.794189 179.716644 665.780823 203.841156 1.434180 1.584474 4.154942 2.635482 1.936636 47.957288 -1.615193 0.998348
Car -1 -1 -2.361155 374.406555 181.597641 486.046814 226.953262 1.449470 1.628161 3.980429 -6.271157 1.777377 25.269292 -2.604413 0.998318
Car -1 -1 -0.235822 195.489853 186.225616 425.052002 270.931610 1.458244 1.566063 3.845599 -5.878050 1.762156 14.144829 -0.629671 0.998148
Car -1 -1 -2.583850 -243.405151 195.393280 205.818146 339.052216 1.418357 1.601532 3.558750 -6.988492 1.706135 8.295696 2.999256 0.995066
Car -1 -1 1.978243 696.322754 178.008896 756.561523 211.923416 1.538841 1.591714 4.005383 5.965483 1.848310 36.798947 2.138955 0.908105
Car -1 -1 2.412525 425.646851 178.841614 513.715515 213.605545 1.556517 1.682407 4.365552 -6.894582 1.894579 35.213532 2.219178 0.841408
