Car -1 -1 -1.195080 219.851288 183.991058 423.392090 309.236908 1.506742 1.582161 3.648157 -4.104513 1.513461 10.796196 -1.558386 0.999962
Car -1 -1 -0.782659 -126.406944 190.077942 184.000320 312.297058 1.422336 1.558028 3.653243 -8.383802 1.538752 10.719319 -1.446402 0.999614
Car -1 -1 -1.666290 436.949738 185.761185 508.219971 235.118362 1.370534 1.604478 3.502249 -4.267091 1.441804 22.946347 -1.850149 0.999283
Car -1 -1 -1.673208 489.839386 184.023422 539.876038 220.077011 1.391819 1.589986 3.726411 -4.045715 1.382976 31.422070 -1.801258 0.998107
Car -1 -1 -1.036409 188.991882 173.377594 334.936951 256.215271 1.775123 1.688429 3.715370 -8.513096 1.532694 18.059004 -1.476920 0.996430
Car -1 -1 -1.604863 593.417358 180.121613 634.025146 217.721527 1.600024 1.668835 3.968621 0.236325 1.385731 33.628743 -1.597835 0.995985
Car -1 -1 1.479997 637.402771 181.587128 666.741089 206.327332 1.500360 1.676258 3.897679 3.042483 1.321990 50.141961 1.540600 0.983511
Car -1 -1 -1.700640 411.825836 181.939285 460.951538 216.015823 1.447940 1.624876 3.768514 -8.081834 1.338070 33.930668 -1.934470 0.980183
Car -1 -1 -1.645956 528.236328 181.126541 555.943848 204.943970 1.456107 1.624083 3.710975 -4.642562 1.239620 50.476288 -1.737673 0.932955
Car -1 -1 -1.209292 348.966858 177.061417 410.879913 209.793991 1.536397 1.629120 3.978406 -11.812163 1.170726 37.169175 -1.516993 0.832784
