Car -1 -1 -1.270049 290.787689 183.235626 462.788544 291.208801 1.492803 1.635846 4.095845 -3.782692 1.486484 12.376166 -1.566675 0.999964
Car -1 -1 -2.211801 150.159698 185.251144 320.030457 260.910858 1.400757 1.597043 3.931206 -8.180040 1.435971 15.963791 -2.685328 0.999812
Car -1 -1 -1.678143 442.696899 179.695770 509.871674 228.896927 1.515377 1.612179 3.573546 -4.429971 1.353081 24.458256 -1.857325 0.999680
Car -1 -1 -1.794610 686.655029 186.051605 781.935547 250.698257 1.370693 1.589012 3.356395 2.987023 1.426193 17.858266 -1.628882 0.999672
Car -1 -1 -1.672439 632.563049 179.112534 665.006348 206.126953 1.503884 1.650392 3.884016 2.477247 1.186677 44.876187 -1.617293 0.997831
Car -1 -1 -1.452656 499.315857 183.068481 537.617188 212.038910 1.352111 1.566697 3.423062 -4.688276 1.281664 37.645089 -1.576557 0.995938
Car -1 -1 -1.628891 585.568054 178.123306 616.909973 205.741394 1.569044 1.716479 3.693948 -0.441266 1.176090 44.847531 -1.638730 0.992014
Car -1 -1 -1.901231 396.387115 173.904221 450.549164 209.188889 1.635464 1.599606 3.816716 -9.292606 1.120644 36.255200 -2.152141 0.984121
Car -1 -1 -1.643168 517.598083 181.603775 547.820923 205.921265 1.395714 1.570151 3.478366 -4.819037 1.208313 46.148785 -1.747215 0.890515
Car -1 -1 -2.443195 -325.774384 180.624069 389.464661 550.338257 1.572725 1.590768 3.802207 -3.501955 1.587543 4.808533 -3.072649 0.775997
