Pedestrian -1 -1 0.378640 759.715820 170.730621 862.766846 346.352661 1.557274 0.633986 0.787861 1.927920 1.483280 6.801555 0.654847 0.998914
Pedestrian -1 -1 2.843321 273.185211 135.600327 329.929565 256.707825 1.912679 0.662437 0.709638 -5.149252 1.224841 11.887729 2.434562 0.997584
Pedestrian -1 -1 -0.000952 699.238464 174.783737 793.051331 350.250977 1.548602 0.620857 0.857307 1.326465 1.527441 6.945951 0.187745 0.996673
Pedestrian -1 -1 -1.077571 532.013855 143.148163 585.864014 246.952988 1.728027 0.623802 0.923024 -0.870719 1.110472 12.599497 -1.146568 0.996519
Pedestrian -1 -1 1.158281 583.540955 138.978149 634.794678 242.541260 1.782870 0.631821 0.922506 0.035664 1.067093 12.782189 1.161071 0.994792
Pedestrian -1 -1 -1.978450 622.300537 144.380188 659.180054 219.166580 1.712911 0.609694 0.889402 0.823705 0.896550 17.437045 -1.931246 0.993722
Pedestrian -1 -1 1.280541 510.035583 139.184479 562.199402 246.715622 1.743605 0.600584 1.032255 -1.221757 1.063251 11.954330 1.178693 0.989723
Pedestrian -1 -1 1.163386 473.416412 142.350098 506.420044 205.374969 1.778525 0.638351 0.946354 -3.429177 0.701845 20.834559 1.000257 0.971478
Pedestrian -1 -1 1.902629 563.856567 140.368591 610.001282 235.525238 1.731837 0.631104 0.989883 -0.392340 1.006633 13.891450 1.874393 0.968759
Pedestrian -1 -1 2.072922 455.178406 145.455994 487.214355 207.445526 1.707926 0.631968 0.891438 -3.960209 0.760014 20.612924 1.883112 0.966473
Pedestrian -1 -1 -1.924775 493.348907 141.822937 530.708984 213.355637 1.791845 0.699613 1.069611 -2.602744 0.794432 19.496049 -2.057491 0.961476
Pedestrian -1 -1 -2.228984 645.387329 143.713379 675.652710 203.525696 1.728478 0.598139 0.775208 1.715279 0.656456 22.340459 -2.152356 0.952447
Pedestrian -1 -1 -1.085654 417.595886 143.845978 459.843842 210.800766 1.784386 0.681238 1.159320 -4.623386 0.839847 19.537091 -1.318026 0.903037
Pedestrian -1 -1 3.009232 391.174927 143.067871 427.527924 202.924545 1.783311 0.581306 1.091043 -6.328849 0.650620 22.680745 2.737113 0.827799
Pedestrian -1 -1 -0.138193 246.185318 136.416031 303.863220 254.121002 1.871821 0.691018 0.783925 -5.684749 1.196805 12.046093 -0.579123 0.823722
