Pedestrian -1 -1 0.365536 991.378784 143.339203 1127.233765 365.209137 1.733483 0.543502 0.803491 3.792969 1.447553 5.979981 0.930779 0.999511
Pedestrian -1 -1 -2.963199 828.392761 145.815979 901.055542 271.172394 1.682881 0.523485 0.894454 3.657437 1.220132 10.081250 -2.615170 0.998217
Pedestrian -1 -1 1.239537 271.973053 135.654099 329.377594 256.567810 1.929649 0.695123 0.703610 -5.175383 1.230801 11.915081 0.829768 0.996057
Pedestrian -1 -1 1.313886 508.125214 147.733200 548.322266 231.769913 1.595804 0.587580 0.799862 -1.549238 0.989882 13.778698 1.201919 0.992079
Pedestrian -1 -1 1.253897 473.437439 143.078506 509.145050 218.504913 1.746902 0.627202 0.843253 -2.753831 0.901357 16.911519 1.092476 0.988772
Pedestrian -1 -1 3.123786 545.311157 145.468887 586.837158 231.127060 1.667468 0.667105 0.851454 -0.844662 0.982825 14.370727 3.065077 0.988385
Pedestrian -1 -1 -0.729849 646.203857 144.536499 676.551575 204.125778 1.762221 0.594810 0.672373 1.679657 0.716133 21.604779 -0.652260 0.980452
Pedestrian -1 -1 1.198104 452.042328 141.091736 488.468201 212.930450 1.764596 0.631365 0.999027 -3.548866 0.803926 18.447925 1.008053 0.957065
Pedestrian -1 -1 1.936906 426.315674 140.419662 463.775146 212.643066 1.782381 0.605977 1.045975 -4.138901 0.813594 18.182010 1.713083 0.955438
Pedestrian -1 -1 -0.383411 594.017578 140.992020 621.558777 194.081451 1.756496 0.589076 0.740100 0.044836 0.462271 24.265086 -0.381563 0.939165
Pedestrian -1 -1 2.166683 404.767670 140.953659 443.480591 206.267120 1.798562 0.608318 1.097296 -5.277489 0.704306 20.471936 1.914385 0.869349
Pedestrian -1 -1 2.998042 251.582504 143.513916 302.311096 250.272964 1.810152 0.694502 0.737739 -6.080103 1.216861 12.981596 2.560022 0.800355
Pedestrian -1 -1 -0.757519 631.411072 140.792389 660.249695 198.729843 1.791419 0.567968 0.608299 1.252189 0.572543 22.576238 -0.702111 0.793164
Pedestrian -1 -1 0.201247 1058.018799 149.401794 1152.845093 345.878113 1.672964 0.430994 0.670022 4.727216 1.422362 6.754905 0.811852 0.766552
