Car -1 -1 1.988579 238.066040 194.729980 408.693817 282.900085 1.411606 1.676617 4.157046 -5.728443 1.938545 14.868767 1.620838 0.999935
Car -1 -1 -1.923118 771.366943 181.578003 1026.508789 331.516937 1.431169 1.596429 3.903391 3.218687 1.554796 8.996200 -1.579526 0.999933
Car -1 -1 -1.761670 716.172546 177.728714 841.781799 268.544556 1.526661 1.621588 4.113711 3.173279 1.645445 14.481059 -1.545947 0.999909
Car -1 -1 1.849559 362.847687 189.314209 456.695343 251.178635 1.485455 1.578288 3.832105 -5.659126 2.010603 20.604489 1.581514 0.999795
Car -1 -1 2.336829 -272.080322 207.382858 231.019028 425.255157 1.416228 1.595741 3.846073 -5.757111 1.867228 7.333046 1.671245 0.999474
Car -1 -1 1.371479 445.348450 185.389267 506.366913 226.208618 1.477342 1.558794 3.906553 -5.580502 2.055273 30.123679 1.188303 0.999199
Car -1 -1 1.372878 681.756470 180.969986 749.734314 230.334076 1.448102 1.537080 3.704998 3.352096 1.747856 23.954764 1.511910 0.999142
Car -1 -1 2.408178 998.728943 151.031708 1314.209595 258.192566 1.621918 1.659618 4.140351 9.022686 1.298599 12.113623 3.048367 0.997931
Car -1 -1 1.804318 499.878204 181.355331 538.884338 208.732544 1.553753 1.599284 3.713728 -5.735122 2.131202 45.552422 1.679075 0.997888
Car -1 -1 -1.706976 652.270935 180.551331 690.440735 210.680038 1.462990 1.642387 3.854407 3.155678 1.905322 39.016137 -1.626270 0.992653
Car -1 -1 -1.730635 660.342407 182.095718 712.523438 220.941376 1.424656 1.593441 3.950101 3.019475 1.866244 30.060612 -1.630525 0.951697
