Car -1 -1 -0.245022 712.638489 183.570282 830.918579 227.965714 1.494573 1.586102 3.879347 5.753358 1.914939 26.237046 -0.029155 0.999326
Car -1 -1 -0.353399 832.615601 192.662109 1041.054199 266.193451 1.404958 1.547427 3.570085 6.761807 1.863422 15.302706 0.062673 0.998982
Car -1 -1 -0.114107 290.184631 179.516937 466.465393 251.584457 1.535980 1.606996 4.049213 -5.472175 1.725354 16.980523 -0.425861 0.998311
Car -1 -1 0.110427 796.956543 186.580078 928.281982 242.418930 1.559664 1.630197 3.737727 7.990201 2.056201 22.896992 0.446177 0.997269
Car -1 -1 -2.594505 -102.315079 180.827087 307.551636 308.935791 1.537210 1.679253 4.313484 -6.611843 1.654455 9.716181 3.091163 0.996694
Car -1 -1 2.560830 959.689392 193.446777 1508.093628 361.979614 1.517237 1.630487 3.944507 5.967013 1.753323 7.354162 -3.040715 0.994473
Car -1 -1 -1.638953 640.502380 183.073135 674.111450 210.065430 1.342562 1.595473 4.047362 2.610006 1.970845 40.966244 -1.575327 0.992079
Car -1 -1 -0.818873 366.647278 178.990875 486.002289 228.926636 1.558299 1.656238 3.994787 -6.088559 1.768009 23.965335 -1.067667 0.988567
Car -1 -1 -0.056138 444.853699 181.081696 531.771606 212.661407 1.440942 1.588873 4.073180 -6.090108 1.856037 35.406075 -0.226478 0.905306
Car -1 -1 3.112333 169.905121 184.461884 414.051849 272.991180 1.425282 1.626075 4.147237 -6.055594 1.708956 13.970910 2.703333 0.896550
