Pedestrian -1 -1 2.023139 379.330658 149.699234 485.283691 370.832916 1.806947 0.649013 0.838989 -1.544607 1.548092 6.379780 1.785600 0.998620
Pedestrian -1 -1 1.258803 313.864349 163.008530 425.237701 401.166382 1.683440 0.645034 0.726586 -1.835493 1.557322 5.539360 0.938834 0.998319
Car -1 -1 1.505977 565.158264 169.676971 599.860291 197.908691 1.533208 1.697944 4.157096 -1.109795 0.874961 42.666581 1.479972 0.995505
Pedestrian -1 -1 -1.341094 723.596497 153.933807 756.729065 224.518860 1.822989 0.762397 0.878947 3.829307 1.107063 20.056708 -1.152441 0.992558
Pedestrian -1 -1 2.722385 480.726440 163.486023 510.930878 219.972031 1.769014 0.652689 0.766273 -3.496264 1.219971 23.538910 2.574932 0.988244
Pedestrian -1 -1 -1.561305 677.768372 163.725586 709.359619 242.499832 1.678964 0.685866 0.896939 1.999330 1.296618 15.865604 -1.435949 0.987563
Pedestrian -1 -1 -1.392111 634.270752 157.888275 670.916382 237.413101 1.817799 0.779351 1.034432 1.208774 1.285949 17.665719 -1.323793 0.987550
Pedestrian -1 -1 -1.628328 705.716187 161.105209 736.107422 233.476944 1.696357 0.688463 0.863826 2.953967 1.225916 17.980635 -1.465497 0.985315
Pedestrian -1 -1 -1.379586 623.991028 158.707947 652.742859 222.093277 1.889959 0.785591 0.994224 1.143480 1.199686 22.993497 -1.329897 0.982801
Pedestrian -1 -1 -1.239735 736.482483 151.762985 774.163757 226.155472 1.858292 0.770404 0.916860 4.098645 1.117454 19.338666 -1.030885 0.971223
Pedestrian -1 -1 -1.525238 691.610107 162.255493 723.044312 234.844757 1.672886 0.717329 0.845055 2.546082 1.233696 17.441372 -1.380282 0.916027
Pedestrian -1 -1 0.421716 462.523987 162.583725 493.413300 219.247086 1.721317 0.682417 0.793148 -3.938202 1.153096 22.649733 0.249563 0.871911
