Car -1 -1 1.694081 558.142334 177.978958 602.158264 212.886566 1.525138 1.653657 4.049832 -1.009018 1.384119 34.981358 1.665244 0.998673
Pedestrian -1 -1 1.913815 800.631836 165.478912 844.711914 252.073593 1.740585 0.679485 0.823949 4.604869 1.416879 15.113797 2.209559 0.997846
Pedestrian -1 -1 -1.205693 833.265625 167.040604 885.561401 255.610199 1.677048 0.717922 0.853359 5.009629 1.388246 14.067894 -0.863591 0.997126
Pedestrian -1 -1 -1.381670 642.350525 168.491211 677.652039 238.885773 1.894479 0.865314 0.915087 1.626783 1.544595 20.356848 -1.301926 0.994944
Pedestrian -1 -1 -1.955240 409.232971 168.898712 461.921326 263.254364 1.775870 0.777172 0.795842 -3.281842 1.540962 14.069042 -2.184409 0.994384
Pedestrian -1 -1 -1.403502 755.320557 165.452927 797.791870 256.028473 1.810951 0.758854 0.930007 3.751126 1.503290 15.523388 -1.166403 0.994166
Pedestrian -1 -1 -1.549655 726.457336 169.973846 774.675903 289.017456 1.720950 0.723287 0.923112 2.291152 1.575687 11.234812 -1.348481 0.992823
Pedestrian -1 -1 -0.004241 776.349854 162.658829 816.109253 240.290131 1.819928 0.736084 0.951075 4.905436 1.385017 18.238495 0.258501 0.991735
Pedestrian -1 -1 -1.615162 701.144348 174.235077 750.526123 285.848755 1.699663 0.745316 0.963037 1.989992 1.617069 11.815827 -1.448311 0.985029
Pedestrian -1 -1 -2.972180 358.424103 171.565231 411.712952 262.841248 1.751294 0.714639 0.906633 -4.307726 1.567659 14.204170 3.016550 0.979878
Pedestrian -1 -1 -1.618449 683.554260 174.549164 728.441772 267.347534 1.713805 0.820117 1.007349 2.046289 1.613036 14.367522 -1.476976 0.974745
Pedestrian -1 -1 -1.667903 668.279846 173.495056 701.367920 242.345047 1.790833 0.836387 0.954217 2.313437 1.617615 20.329524 -1.554594 0.942939
