Car -1 -1 -1.719040 651.272217 183.605988 712.044373 228.134598 1.331242 1.587733 3.916249 2.327763 1.746303 25.052415 -1.626391 0.999640
Car -1 -1 0.135815 36.844723 196.930511 316.090271 308.058563 1.371948 1.575274 3.663019 -6.519736 1.788844 11.041732 -0.397562 0.999329
Car -1 -1 0.412484 257.040070 179.975693 455.740265 248.983292 1.566384 1.593756 4.064452 -6.172774 1.755586 17.771971 0.078188 0.998744
Car -1 -1 -2.353176 -288.769440 195.126144 186.051254 370.791931 1.460639 1.567866 3.519876 -6.434666 1.713947 7.237339 -3.079932 0.998517
Car -1 -1 -0.471354 863.432495 182.956161 1230.622070 304.957214 1.486375 1.601478 3.833911 5.703442 1.633198 9.778779 0.056656 0.998449
Car -1 -1 -2.492521 405.407166 180.586517 503.951630 220.122238 1.558876 1.646946 3.999228 -6.610240 1.906556 30.710164 -2.704532 0.996174
Car -1 -1 2.389238 202.551575 183.564178 359.194366 241.834579 1.518819 1.613418 3.943938 -9.158440 1.846969 20.400349 1.967270 0.976763
Car -1 -1 -1.512544 625.909546 173.054779 652.397339 198.011429 1.694422 1.663091 4.287670 2.129977 1.762908 53.818757 -1.472988 0.933744
Car -1 -1 1.666610 552.619263 176.703156 580.751953 200.765701 1.434598 1.538598 3.673607 -2.940616 1.749736 48.732980 1.606342 0.929937
Car -1 -1 -2.754307 340.744354 178.651764 477.591827 224.793839 1.564847 1.570269 4.069201 -7.062188 1.759731 25.457902 -3.024910 0.774847
Car -1 -1 -0.084544 454.634216 177.976837 527.939087 207.644669 1.532208 1.643997 3.942155 -6.729747 1.842778 40.601334 -0.248803 0.769888
