Pedestrian -1 -1 -3.044215 258.564056 140.789429 408.210388 451.502563 1.769567 0.653314 0.850971 -1.688255 1.528596 4.438596 2.875511 0.999341
Pedestrian -1 -1 -1.920233 720.417053 156.275116 756.284912 226.581573 1.792579 0.695000 0.896585 3.660126 1.151183 19.440619 -1.734139 0.997002
Pedestrian -1 -1 2.710789 457.039642 164.957779 490.395721 226.257629 1.787222 0.684639 0.809875 -3.957903 1.319114 22.131608 2.533825 0.992313
Car -1 -1 1.672693 553.206543 171.548889 589.373840 200.027115 1.518673 1.697960 3.964910 -1.726336 0.975817 41.666730 1.631285 0.990323
Pedestrian -1 -1 -1.432121 701.999695 162.010773 735.747070 238.076492 1.716950 0.706921 0.861780 2.773586 1.284687 17.191748 -1.272167 0.989972
Pedestrian -1 -1 2.220413 734.999023 155.043533 773.630066 224.514252 1.791584 0.672311 0.914360 4.156310 1.108639 19.783707 2.427489 0.988739
Pedestrian -1 -1 -1.692433 612.504395 160.140274 642.155518 221.857605 1.868743 0.835949 1.059784 0.798276 1.213992 22.806357 -1.657445 0.986721
Pedestrian -1 -1 0.020894 159.385880 163.249924 330.821381 535.577515 1.714692 0.613896 0.738906 -1.863262 1.636998 3.685289 -0.447219 0.985712
Pedestrian -1 -1 -1.621818 635.134644 158.851074 673.718384 248.550766 1.772062 0.749505 1.065171 1.068417 1.341964 15.256659 -1.551903 0.983973
Pedestrian -1 -1 -1.477563 672.100891 160.974579 710.058228 251.420013 1.730720 0.706360 0.906646 1.772904 1.351111 14.543536 -1.356258 0.978653
Pedestrian -1 -1 0.275782 439.223633 165.549026 473.397369 225.487549 1.746787 0.699743 0.846861 -4.383290 1.289257 21.592543 0.075504 0.955193
Pedestrian -1 -1 -1.585119 654.729492 161.269348 691.419495 249.451233 1.733881 0.747082 1.039958 1.451355 1.351419 15.079255 -1.489166 0.856709
