Pedestrian -1 -1 2.951160 828.366516 151.174255 1012.104553 422.518799 1.743573 0.777348 1.085075 2.154029 1.532780 5.060237 -2.929581 0.999158
Pedestrian -1 -1 2.902821 793.610779 166.286591 904.400574 359.390808 1.624016 0.678519 0.805246 2.186861 1.497936 6.553542 -3.058291 0.998825
Pedestrian -1 -1 2.890438 616.755859 164.318817 714.377625 330.710663 1.675103 0.695921 0.917092 0.634817 1.498623 7.712741 2.972560 0.998781
Pedestrian -1 -1 2.777093 696.726379 159.265625 783.128540 295.660614 1.760684 0.791738 0.969519 1.849038 1.482453 9.835122 2.962928 0.998598
Pedestrian -1 -1 1.933415 567.560181 161.127075 632.035706 274.057831 1.735329 0.761001 1.046684 -0.068481 1.426308 11.755782 1.927589 0.993546
Pedestrian -1 -1 -1.777095 479.069580 165.129654 556.267944 305.665527 1.699115 0.830682 0.967796 -1.130365 1.492909 9.262913 -1.898526 0.993113
Pedestrian -1 -1 -2.885014 661.706726 162.093735 744.130737 301.471802 1.699178 0.736073 0.904187 1.293691 1.475322 9.379167 -2.747947 0.988187
Pedestrian -1 -1 -1.769737 552.518616 159.864471 579.778503 217.061493 1.784408 0.778188 0.958002 -1.206890 1.080846 24.334536 -1.819292 0.972257
Car -1 -1 1.728446 459.847626 173.172211 537.291931 235.108658 1.537521 1.641674 4.098117 -3.006841 1.344776 21.368044 1.588648 0.929218
Pedestrian -1 -1 1.085048 592.436523 157.510437 661.161316 286.513794 1.758284 0.646170 0.889168 0.304978 1.449769 10.478530 1.114145 0.861657
