Car -1 -1 -1.763409 719.806396 187.924377 851.192444 284.284210 1.381503 1.533900 3.444938 2.829433 1.672633 12.511229 -1.540999 0.999928
Car -1 -1 -0.435718 784.326660 173.649582 969.313416 246.480057 1.712287 1.612309 3.839950 6.500222 1.732164 17.960021 -0.088457 0.999442
Car -1 -1 -2.076610 705.360901 177.721848 782.997986 219.395355 1.565199 1.584673 3.829313 5.517666 1.808666 30.144694 -1.895575 0.999347
Car -1 -1 0.644297 -165.274689 195.799561 281.460052 341.386871 1.427338 1.587972 3.959029 -6.217481 1.725593 8.358348 0.004734 0.999129
Car -1 -1 -0.138303 101.899467 186.163422 373.820221 300.374512 1.488908 1.517538 3.389935 -5.655676 1.719688 10.896802 -0.617052 0.998644
Car -1 -1 -1.695913 636.308228 178.307114 668.181458 202.721161 1.435398 1.584299 4.162048 2.683958 1.833389 47.113225 -1.639006 0.998236
Car -1 -1 -2.465408 341.163147 181.069824 467.818756 231.373169 1.416063 1.586728 3.764614 -6.338558 1.693196 22.372613 -2.741491 0.997739
Car -1 -1 0.600413 237.831970 184.347351 429.877594 256.308380 1.451255 1.588048 3.832684 -6.182075 1.743066 16.190388 0.235662 0.996360
Car -1 -1 -0.685375 387.522247 177.139679 502.580811 220.319138 1.519473 1.613403 4.005170 -6.213603 1.709777 27.810019 -0.905195 0.986070
Car -1 -1 2.777354 442.860870 177.437073 535.318665 209.463364 1.538849 1.664151 4.304071 -6.335450 1.809806 37.455361 2.609793 0.920160
