Car -1 -1 1.290226 947.382996 165.076508 1090.635132 248.178772 1.510399 1.598575 3.837186 8.403253 1.382754 15.246696 1.793954 0.999900
Car -1 -1 -1.927469 421.752289 192.361618 553.212646 267.172821 1.342063 1.571432 3.805779 -2.902566 1.819467 15.925216 -2.107752 0.999827
Car -1 -1 -2.309042 565.598755 155.070236 903.616577 347.323792 1.818053 1.642569 3.866389 1.109092 1.647314 8.819986 -2.183951 0.999765
Car -1 -1 -1.760660 318.737732 186.590973 379.747589 226.892242 1.375885 1.636722 4.157011 -10.596579 1.976917 28.847829 -2.112687 0.999485
Car -1 -1 -2.568478 493.027313 171.113831 586.573181 213.467468 1.770171 1.650883 3.828808 -3.202612 1.730456 32.172753 -2.667696 0.999085
Car -1 -1 1.450924 836.549255 166.633118 933.790771 237.708145 1.601472 1.742656 4.097269 7.044359 1.475261 18.762826 1.810082 0.999049
Car -1 -1 1.693009 112.150795 188.013779 160.029907 222.619324 1.604504 1.641007 3.907982 -24.861961 2.449920 37.898278 1.112415 0.999049
Car -1 -1 1.801256 -90.591980 205.221802 76.319016 303.619324 1.380292 1.513469 3.264143 -11.220023 2.048205 13.199671 1.096749 0.974098
Car -1 -1 -1.607859 280.351440 179.542923 305.768677 203.652176 1.760513 1.708581 4.831614 -25.702220 2.326549 58.325173 -2.022928 0.961776
Car -1 -1 0.055301 1052.078369 157.399292 1245.585938 225.948639 1.663095 1.562928 4.030261 14.235738 1.296400 19.295594 0.690929 0.835669
