Car -1 -1 -0.933391 837.819031 189.382736 1047.286987 283.055481 1.461693 1.607465 3.568650 5.910697 1.782880 12.900117 -0.503747 0.999783
Car -1 -1 -2.788229 382.624573 185.120316 498.751801 223.513214 1.487024 1.608798 4.289594 -6.987822 2.033952 30.019704 -3.016931 0.999336
Car -1 -1 2.123077 932.983948 191.543472 1150.295166 296.639587 1.474909 1.585850 3.601194 7.275685 1.834652 12.276346 2.658082 0.999175
Car -1 -1 0.053467 728.586792 182.084595 870.406067 236.940140 1.523639 1.587668 4.186540 5.814673 1.846435 22.486018 0.306515 0.999071
Car -1 -1 -2.382453 -56.794479 193.001389 314.974426 322.218719 1.446154 1.622061 3.929458 -6.354395 1.753846 9.517796 -2.971125 0.998010
Car -1 -1 -2.385523 215.470856 172.939377 405.782104 256.342010 1.669374 1.731789 4.009200 -6.625652 1.716774 16.101269 -2.775903 0.997916
Car -1 -1 0.816256 778.369751 185.116928 936.222534 250.398453 1.487983 1.611198 3.934302 6.070798 1.816081 18.109954 1.139703 0.997030
Car -1 -1 -1.681921 633.832825 184.327316 675.600281 216.314041 1.397653 1.607783 4.134368 2.105891 2.011895 35.745816 -1.623077 0.996932
Cyclist -1 -1 1.398318 523.236206 179.735718 545.014954 224.440765 1.670418 0.550531 1.829941 -3.081464 1.976466 28.884669 1.292038 0.978824
Car -1 -1 -0.531940 986.240234 182.360550 1568.666016 364.737640 1.639386 1.615837 3.712196 6.154362 1.753805 7.068182 0.184457 0.972880
Car -1 -1 -2.425604 -335.932556 197.844070 149.512070 360.598053 1.510784 1.510580 3.760330 -7.928227 1.842086 8.241257 3.091540 0.850960
