Pedestrian -1 -1 1.148524 711.692627 133.475922 792.723450 287.962616 1.897124 0.689347 0.996796 1.861078 1.320410 9.257638 1.346911 0.998715
Pedestrian -1 -1 -0.429960 263.564148 136.046783 321.993164 252.501968 1.929440 0.744694 0.710041 -5.621798 1.212674 12.635224 -0.848590 0.997451
Pedestrian -1 -1 2.026183 646.909058 144.842743 720.142944 296.884735 1.821479 0.651510 0.928255 0.925821 1.389373 8.970570 2.129025 0.997127
Pedestrian -1 -1 -1.022726 562.194702 143.268387 624.540283 252.454483 1.792734 0.729328 0.969427 -0.256545 1.174105 12.394977 -1.043420 0.995782
Pedestrian -1 -1 1.300982 490.039642 148.812012 532.375366 242.531525 1.653452 0.570092 0.861552 -1.795470 1.111216 13.173052 1.165518 0.995427
Pedestrian -1 -1 -0.201661 599.876831 144.500748 661.809753 249.958755 1.755000 0.738222 0.971431 0.406045 1.141183 12.505840 -0.169204 0.994976
Pedestrian -1 -1 1.311709 518.391479 141.625443 559.845398 242.228210 1.729570 0.562205 0.787136 -1.250864 1.065853 12.825706 1.214489 0.994350
Pedestrian -1 -1 1.917938 536.376526 140.066299 582.927429 236.407440 1.736545 0.657680 0.930125 -0.928338 1.006646 13.741904 1.850485 0.992871
Pedestrian -1 -1 1.987408 465.466644 143.072830 512.853210 246.184814 1.733865 0.557035 0.876311 -2.084770 1.103439 12.396821 1.820797 0.992696
Pedestrian -1 -1 -2.028471 444.201050 143.794678 492.262177 230.842682 1.745824 0.642551 1.016157 -3.047943 1.004036 15.477216 -2.222914 0.964390
