Pedestrian -1 -1 0.526788 869.315369 133.618027 1013.200012 367.483246 1.833601 0.745578 0.845729 2.815108 1.466105 6.042916 0.962747 0.999399
Pedestrian -1 -1 0.375499 780.311768 132.251266 927.445007 384.527863 1.815463 0.633693 0.914044 1.915857 1.474406 5.580255 0.706218 0.999355
Pedestrian -1 -1 1.992260 598.733398 136.401047 642.527954 236.930328 1.848272 0.607436 0.816401 0.246873 1.026056 13.686538 2.010295 0.997318
Pedestrian -1 -1 1.200447 484.548004 141.383850 522.287415 221.589935 1.772766 0.601730 0.859521 -2.384195 0.937896 16.329549 1.055466 0.994643
Pedestrian -1 -1 1.957452 461.090149 143.587570 497.029144 221.547592 1.725179 0.575698 0.823059 -2.991186 0.925051 16.579129 1.778954 0.993868
Pedestrian -1 -1 1.245873 561.878174 139.159866 607.020813 237.837234 1.788368 0.609002 0.908106 -0.439220 1.040045 13.540456 1.213446 0.992898
Pedestrian -1 -1 1.188876 432.136505 141.959183 475.590118 225.714096 1.767724 0.652398 0.931195 -3.363361 0.961149 15.560429 0.976002 0.992592
Pedestrian -1 -1 1.166395 260.450531 131.640900 319.015808 254.342484 1.958190 0.710771 0.668220 -5.456276 1.196089 12.128688 0.743653 0.990806
Pedestrian -1 -1 1.868787 519.078491 142.487991 559.314331 226.058258 1.748615 0.642760 0.960950 -1.491735 0.969436 15.629172 1.773629 0.982300
Pedestrian -1 -1 -0.727025 681.020325 147.811142 709.105957 206.984406 1.704723 0.531479 0.608351 2.682699 0.763325 21.425508 -0.602463 0.962894
Pedestrian -1 -1 1.227489 538.973633 143.098923 582.112671 227.914078 1.764070 0.646569 1.023746 -1.041545 0.980650 15.724062 1.161347 0.941111
Pedestrian -1 -1 2.276183 402.097595 143.946167 442.052673 208.350037 1.754853 0.619292 0.993849 -5.321465 0.763683 20.483306 2.022007 0.809853
