Pedestrian -1 -1 0.036269 818.902283 143.909149 904.403137 301.440063 1.732486 0.567167 0.897418 2.930925 1.332920 8.211906 0.379088 0.999372
Pedestrian -1 -1 0.038148 893.004456 142.757736 975.216675 299.358887 1.676622 0.473320 0.846141 3.690709 1.282558 8.056620 0.467715 0.999342
Pedestrian -1 -1 0.539503 731.943787 147.132874 825.143860 300.868073 1.772997 0.711922 0.868546 2.088198 1.384857 8.703106 0.774988 0.998151
Pedestrian -1 -1 1.165323 241.443481 134.619110 308.627411 263.523285 1.934229 0.746417 0.737512 -5.385128 1.260012 11.428947 0.724993 0.997940
Pedestrian -1 -1 1.276623 664.374756 140.814133 751.709167 301.930359 1.802196 0.811214 1.010052 1.182436 1.359226 8.515050 1.414605 0.997881
Pedestrian -1 -1 1.656646 492.654205 142.401733 550.448792 294.540283 1.779729 0.575672 0.933093 -1.116129 1.331870 8.875708 1.531551 0.997163
Pedestrian -1 -1 1.320114 531.313049 148.770798 586.048523 285.149384 1.660050 0.512960 0.842947 -0.661178 1.268901 9.144479 1.247936 0.997098
Pedestrian -1 -1 1.984334 976.122620 117.386848 1187.192749 470.196381 1.833315 0.717078 0.988799 2.770671 1.510551 4.199855 2.567502 0.997092
Pedestrian -1 -1 -1.082954 561.805786 143.911362 620.476990 279.591888 1.723018 0.518409 0.844857 -0.254915 1.246557 9.546038 -1.109652 0.996833
Pedestrian -1 -1 -2.009096 599.380249 151.212906 663.444885 277.068329 1.683293 0.583679 0.866564 0.309881 1.289570 9.968943 -1.978021 0.996830
Pedestrian -1 -1 -2.066676 628.130127 142.766479 692.171753 276.101685 1.754215 0.579957 0.841599 0.728112 1.261342 10.023958 -1.994166 0.995358
Pedestrian -1 -1 1.925157 908.299866 145.970490 1081.135742 477.931244 1.767430 0.651337 0.962687 2.278452 1.597198 4.245346 2.417727 0.995211
Pedestrian -1 -1 1.331674 472.077576 141.361435 509.527435 228.614838 1.759107 0.625110 0.803469 -2.437552 0.988665 14.871489 1.169211 0.982031
Pedestrian -1 -1 0.809127 275.701538 136.770462 334.939941 244.637711 1.916910 0.682417 0.699927 -5.808255 1.149773 13.530620 0.403648 0.843469
Pedestrian -1 -1 0.268308 1014.940857 131.113708 1130.833496 384.684937 1.803976 0.620456 0.584669 3.448637 1.463485 5.294899 0.845606 0.753972
