Car -1 -1 -1.841707 745.986816 192.086044 934.237793 324.432800 1.393518 1.521677 3.292513 2.804034 1.686825 9.704987 -1.560440 0.999946
Car -1 -1 0.797599 714.250610 182.273071 815.846252 228.139206 1.502611 1.530900 3.465175 5.393399 1.863545 25.738595 1.004156 0.999610
Car -1 -1 -0.324561 818.388184 174.862289 1042.505493 261.411041 1.669488 1.599619 3.833065 6.523779 1.719820 15.059331 0.084239 0.999610
Car -1 -1 -1.682728 635.366211 179.765488 669.820435 206.831314 1.429286 1.605940 4.139604 2.448226 1.886415 42.793690 -1.625580 0.999175
Car -1 -1 0.471351 140.676407 184.329895 387.485107 279.351715 1.478183 1.501704 3.478441 -5.939050 1.700918 12.456249 0.026441 0.998571
Car -1 -1 0.657340 -253.237823 189.590759 294.193726 370.934998 1.474802 1.631783 3.868379 -5.493993 1.649002 6.989267 -0.008844 0.997799
Car -1 -1 2.337361 344.449554 177.870178 476.625427 228.246216 1.510515 1.674637 4.136878 -6.386198 1.691150 23.571957 2.072789 0.997428
Car -1 -1 -2.375102 291.326355 183.836288 446.746735 245.014343 1.388191 1.659843 4.026118 -6.132614 1.711241 18.572554 -2.694028 0.987944
Car -1 -1 2.755551 440.172272 180.456589 534.492798 211.452148 1.448954 1.613019 3.830903 -6.265338 1.878639 36.482892 2.585477 0.984091
Car -1 -1 0.131472 706.797119 177.731537 782.954529 212.146378 1.638521 1.600646 3.753727 7.034869 1.909472 37.811074 0.315422 0.887852
Cyclist -1 -1 1.863992 551.393799 177.764786 570.449219 210.275040 1.678082 0.614931 1.675453 -2.786075 2.001804 40.473603 1.795263 0.764579
