Car -1 -1 -1.071010 146.166382 189.182724 301.876434 264.388702 1.468590 1.561417 3.618443 -8.594954 1.586915 16.370770 -1.554472 0.999940
Car -1 -1 -1.304691 339.815918 172.029724 467.062561 259.003906 1.754140 1.723202 4.436431 -4.637607 1.472852 16.770732 -1.574479 0.999927
Car -1 -1 -2.064268 257.164368 181.305618 336.973022 224.078354 1.562229 1.590098 3.640323 -12.611250 1.443277 29.223906 -2.471664 0.999638
Car -1 -1 -1.356172 454.918823 182.052963 512.949341 221.453964 1.451335 1.605963 3.878020 -5.046328 1.359701 29.702302 -1.524462 0.998776
Car -1 -1 -1.578177 573.960938 176.023315 623.604675 221.984772 1.591308 1.747393 3.636222 -0.409862 1.276082 27.548581 -1.593053 0.998540
Car -1 -1 -2.245009 -207.095505 145.495438 141.279205 302.354187 1.785220 1.644502 3.594379 -8.481106 1.316482 9.617337 -2.967708 0.996654
Car -1 -1 -1.449216 503.592285 180.403931 539.776733 210.039978 1.529104 1.644047 3.832555 -4.997296 1.306103 41.811638 -1.568171 0.989841
Car -1 -1 -1.165110 112.303741 192.221405 214.484970 239.788467 1.457786 1.635712 3.818185 -15.731825 1.765360 25.529778 -1.717367 0.881966
Car -1 -1 -1.051220 318.360931 181.772797 382.730682 213.403046 1.443140 1.499945 3.408204 -13.033321 1.371086 36.391556 -1.395129 0.879653
Car -1 -1 -1.762415 415.662537 179.557068 464.497498 209.456680 1.391825 1.538873 3.831346 -8.869870 1.194180 38.417710 -1.989319 0.791839
