Car -1 -1 -1.868483 732.929810 186.469025 967.973389 335.820404 1.412482 1.612413 4.097569 2.694510 1.622459 9.257124 -1.585234 0.999978
Car -1 -1 -0.842811 684.898071 176.270279 754.100952 208.445801 1.570460 1.620993 3.745963 5.692314 1.784452 37.947087 -0.693915 0.999564
Car -1 -1 -0.004813 864.356140 182.542603 1038.074585 260.403564 1.462956 1.490061 3.331342 7.075798 1.702114 15.416793 0.425473 0.999246
Car -1 -1 0.931606 743.770996 179.125839 828.452759 217.227509 1.524783 1.648882 4.032184 7.774427 1.837200 32.235451 1.168263 0.998946
Car -1 -1 0.597846 61.655750 172.970581 378.063721 287.088806 1.686301 1.701848 4.521356 -6.528989 1.717233 12.195897 0.106325 0.998726
Car -1 -1 -2.941073 345.868591 174.645081 488.134552 223.497086 1.447782 1.607256 4.239788 -6.235245 1.523881 23.499583 3.082754 0.992514
Car -1 -1 -2.584835 -199.272110 170.876694 157.370865 304.607849 1.745951 1.602009 3.771795 -9.187647 1.739426 10.765451 2.991863 0.990307
Car -1 -1 -0.932688 438.105865 172.038895 524.411560 208.802414 1.511546 1.727000 4.145401 -5.785038 1.515580 32.613866 -1.108241 0.938790
Car -1 -1 -1.631573 634.312012 174.645020 661.123352 197.814789 1.473149 1.660127 4.300503 2.625617 1.660022 51.525380 -1.580659 0.765314
Car -1 -1 -1.123538 838.893066 177.278870 907.411682 210.975189 1.528169 1.549765 4.356480 13.057733 1.763617 35.934533 -0.774997 0.758939
