Pedestrian -1 -1 -1.708819 871.972168 142.380630 975.319763 307.802185 1.762301 0.800220 1.285003 3.600513 1.343602 8.135572 -1.292166 0.996799
Pedestrian -1 -1 -0.609188 556.905640 163.269714 636.510559 275.190948 1.699393 0.900331 0.911835 -0.131182 1.429605 11.536817 -0.620558 0.996178
Pedestrian -1 -1 1.865857 421.678558 160.841644 483.102295 281.840607 1.774819 0.714359 0.907630 -2.346332 1.467122 11.135755 1.658192 0.993040
Cyclist -1 -1 1.669364 490.661194 170.214050 535.377441 259.982788 1.640937 0.668043 1.930949 -1.791216 1.445871 14.300233 1.544755 0.988546
Pedestrian -1 -1 0.921726 204.629013 154.705872 275.593933 287.328400 1.781270 0.559594 0.727922 -5.091105 1.429042 10.036044 0.452270 0.970345
Pedestrian -1 -1 -0.113674 756.471375 145.522247 826.469727 266.028137 1.860779 0.671497 1.016665 3.051568 1.309416 11.733346 0.140765 0.966113
Pedestrian -1 -1 -1.700522 550.330383 164.685974 579.297485 220.924438 1.768821 0.882269 1.007168 -1.300453 1.210587 24.972968 -1.752549 0.941357
Pedestrian -1 -1 -1.681643 528.377747 165.580017 554.402527 218.018753 1.761328 0.848777 1.088188 -2.183602 1.229627 25.454039 -1.767220 0.889078
Pedestrian -1 -1 -1.280001 656.537842 166.312454 687.535217 225.207916 1.764989 0.748358 1.025748 2.238555 1.319489 23.090518 -1.183356 0.780450
Pedestrian -1 -1 1.677423 473.956940 166.834534 496.767975 218.580948 1.741678 0.680522 0.933401 -4.111080 1.221823 25.284747 1.516242 0.775030
