Car -1 -1 -2.026583 736.191711 199.998306 1133.762085 422.501404 1.379364 1.617054 3.930398 2.481643 1.695584 6.875788 -1.680209 0.999942
Car -1 -1 -1.852894 669.966797 193.747879 829.555664 302.564819 1.390517 1.569973 3.785193 1.989653 1.785849 11.819829 -1.686126 0.999940
Car -1 -1 1.801019 266.207214 199.628632 398.137360 299.334534 1.467074 1.539914 3.466889 -5.141203 2.057202 13.631578 1.440361 0.999903
Car -1 -1 -1.751742 607.735413 182.850723 705.436035 261.240814 1.604044 1.630689 3.835958 0.927446 1.864000 17.150847 -1.697719 0.999789
Car -1 -1 1.985346 -71.208618 206.333130 328.966278 464.765411 1.441569 1.546751 3.500527 -3.792503 1.832552 6.364356 1.447949 0.999586
Car -1 -1 1.702915 386.267975 179.377838 454.797058 243.388702 1.862251 1.679983 4.345031 -6.325164 2.132256 24.315274 1.448424 0.999574
Car -1 -1 -1.656174 567.859802 187.593948 614.336731 228.235855 1.434808 1.544382 3.799723 -0.873208 2.096570 29.355162 -1.685912 0.999503
Car -1 -1 1.665257 447.196411 185.098801 481.407532 212.713257 1.475102 1.682625 4.035598 -8.881821 2.275538 43.988583 1.466024 0.996519
Car -1 -1 -1.672601 551.264282 183.821304 581.006958 210.895386 1.563772 1.675143 3.852791 -3.016536 2.350515 47.473824 -1.736056 0.863929
Car -1 -1 -1.778203 583.682556 188.717606 651.017151 239.565643 1.433445 1.596985 3.438636 0.083924 1.999223 23.958932 -1.774700 0.819651
