Car -1 -1 2.147596 63.878094 203.027618 314.974762 336.310242 1.455934 1.541728 3.414235 -5.874134 1.982145 10.511280 1.637990 0.999953
Car -1 -1 1.930036 273.241150 195.768967 410.596375 273.004303 1.416310 1.639686 4.092848 -6.127353 2.030557 16.840977 1.581089 0.999910
Car -1 -1 -1.799591 692.343262 175.855927 790.156372 241.051529 1.444203 1.594247 3.721699 3.147657 1.539364 18.193804 -1.628279 0.999860
Car -1 -1 1.887370 388.848755 189.843292 475.748291 240.012497 1.406343 1.629799 4.165415 -5.888817 2.034322 24.224887 1.648906 0.999813
Car -1 -1 -3.132457 893.935364 152.288742 1063.285645 214.699905 1.705994 1.644055 4.135611 10.405035 1.154807 20.638713 -2.665493 0.996706
Car -1 -1 1.405009 484.380951 183.420471 527.520081 214.788376 1.567039 1.667435 3.977116 -5.959810 2.236675 41.227410 1.261445 0.996130
Car -1 -1 1.765499 446.310455 186.407166 499.804901 226.867432 1.498694 1.533824 3.634404 -5.622778 2.098814 29.873458 1.579456 0.995018
Car -1 -1 2.550160 1005.103271 137.070496 1308.373657 238.816162 1.655659 1.618802 4.043420 9.455767 1.066574 12.765783 -3.095496 0.994661
Car -1 -1 -1.461401 661.018188 178.354767 707.931580 213.127640 1.481718 1.600940 3.754517 3.384941 1.768122 33.597207 -1.360990 0.980420
Car -1 -1 -3.047891 830.069336 158.056274 985.784973 213.450211 1.656524 1.757646 4.588415 9.608181 1.222641 23.482751 -2.659514 0.972296
Car -1 -1 -1.768464 677.319153 176.524872 748.215210 226.927643 1.503609 1.636032 4.030855 3.424472 1.666256 25.064290 -1.632678 0.954387
Car -1 -1 1.851172 516.214539 178.944489 553.000793 204.037369 1.602322 1.608238 3.944632 -5.490834 2.123345 52.457146 1.746879 0.947444
Car -1 -1 0.970620 -363.781342 216.541885 131.057785 441.402283 1.416460 1.569566 3.679623 -6.403699 1.873966 6.566178 0.197748 0.779163
Car -1 -1 2.453137 947.981934 141.338028 1155.659668 217.608429 1.706688 1.696865 4.160759 11.046565 0.982723 18.096297 3.001192 0.773463
