Pedestrian -1 -1 -0.643008 122.352753 162.900101 250.112930 368.079254 1.670166 0.574590 0.709232 -3.676856 1.511411 6.264027 -1.173799 0.999444
Pedestrian -1 -1 2.795143 999.762573 153.353043 1087.621704 301.888977 1.589358 0.633785 0.688183 4.855814 1.281742 7.964554 -2.940537 0.999079
Pedestrian -1 -1 -1.229357 499.971222 161.275528 535.288025 226.195480 1.719492 0.725073 0.820100 -2.307240 1.190861 19.599427 -1.346537 0.994654
Pedestrian -1 -1 -2.948441 568.267456 156.272873 615.939453 234.442261 1.801577 0.914469 1.028678 -0.268656 1.227955 17.226330 -2.964036 0.992852
Pedestrian -1 -1 1.748328 543.229187 155.873306 573.911987 220.369858 1.832529 0.754222 0.862029 -1.293982 1.136249 21.166133 1.687270 0.991068
Pedestrian -1 -1 3.083520 798.464539 148.722565 861.830933 249.063400 1.727677 0.764284 0.997532 4.072541 1.159644 12.908217 -2.894049 0.989538
Pedestrian -1 -1 2.756685 612.976807 158.955124 638.415405 204.606796 1.767099 0.805400 0.832441 0.944543 0.890419 29.220070 2.788998 0.963519
Cyclist -1 -1 1.208111 382.946106 163.799988 476.743195 301.512329 1.694179 0.794992 1.703108 -2.339973 1.457663 9.734949 0.972218 0.959224
Pedestrian -1 -1 -2.931417 -148.355896 180.477966 121.724510 563.191650 1.595089 0.756947 0.838819 -3.036640 1.639255 3.645804 2.657278 0.945473
Pedestrian -1 -1 -1.084224 594.987000 160.240967 626.570618 214.017487 1.768011 0.834726 0.891527 0.339973 1.045126 26.638768 -1.071463 0.835973
