Pedestrian -1 -1 -1.852898 308.647827 151.330811 457.833221 434.363220 1.758380 0.704890 1.089628 -1.582128 1.568808 4.969130 -2.161141 0.998262
Pedestrian -1 -1 -1.776109 215.674530 169.279984 321.724152 373.175446 1.675166 0.675703 0.908642 -3.023000 1.571520 6.391996 -2.217871 0.997473
Pedestrian -1 -1 -1.683975 150.405716 175.637070 229.452744 328.727570 1.690910 0.744850 0.826179 -5.013516 1.651232 8.666856 -2.208413 0.996921
Pedestrian -1 -1 -1.912215 407.959076 159.364197 488.944092 311.340363 1.759996 0.739730 0.907388 -1.955686 1.514601 8.962392 -2.127058 0.996716
Pedestrian -1 -1 -0.068231 529.835938 167.027130 555.468262 216.268768 1.806898 0.851590 0.907820 -2.238470 1.265452 27.055493 -0.150779 0.973823
Pedestrian -1 -1 0.174091 552.822571 168.740158 577.744568 217.476685 1.803360 0.847735 0.807870 -1.378883 1.319181 27.027175 0.123117 0.955645
Pedestrian -1 -1 -1.848239 296.174561 166.768951 381.069061 339.514740 1.730532 0.708157 0.982299 -3.183831 1.648205 8.553682 -2.204568 0.947465
Cyclist -1 -1 1.694043 479.442169 162.085831 510.159729 224.127625 1.795441 0.717476 1.646520 -3.336961 1.222866 22.295403 1.545475 0.943722
Pedestrian -1 -1 1.912973 644.391846 160.690811 678.940796 221.189087 1.788424 0.823066 0.956944 1.866910 1.184580 22.620644 1.995318 0.916608
Pedestrian -1 -1 -0.233173 664.687866 157.275711 701.008301 218.419693 1.795277 0.781326 0.955030 2.463084 1.069603 22.001008 -0.121684 0.908659
