Pedestrian -1 -1 -1.209624 348.816437 157.012100 429.138397 319.728027 1.813675 0.684843 0.789688 -2.550454 1.543371 8.512307 -1.500732 0.998369
Pedestrian -1 -1 -1.254167 924.253052 134.551041 1055.920776 341.409637 1.773645 0.764261 1.125777 3.388408 1.346775 6.382095 -0.766087 0.998276
Pedestrian -1 -1 -2.789491 816.330627 132.710571 917.893799 326.030090 1.903082 0.706336 0.803670 2.725382 1.409452 7.493348 -2.440657 0.997904
Pedestrian -1 -1 -2.096773 4.278123 160.971893 126.648605 335.118835 1.723160 0.646738 0.926061 -5.610983 1.517752 7.471186 -2.740924 0.997581
Pedestrian -1 -1 0.459052 577.566284 159.091507 666.725769 292.427063 1.770704 0.941981 0.960455 0.253707 1.480315 10.176760 0.483977 0.997413
Cyclist -1 -1 1.444175 447.449860 174.493332 509.544617 292.034393 1.692262 0.658843 2.231297 -2.042763 1.626628 11.614453 1.270075 0.992772
Pedestrian -1 -1 -1.723963 515.696411 164.927521 543.816223 221.466309 1.866952 0.838890 0.920134 -2.471894 1.308549 24.546824 -1.824326 0.989532
Pedestrian -1 -1 -1.472589 546.337524 165.454941 573.852417 225.220642 1.776371 0.770341 0.889252 -1.287505 1.316601 22.125111 -1.530716 0.988143
Pedestrian -1 -1 -1.425601 577.245056 166.899765 602.462219 222.227097 1.710115 0.724278 0.973761 -0.411440 1.234975 24.170523 -1.442622 0.967110
Pedestrian -1 -1 2.959909 647.440735 165.857147 675.196594 216.731827 1.766840 0.817220 0.892708 2.099669 1.201213 25.777197 3.041184 0.819758
Pedestrian -1 -1 -1.775875 528.112976 166.268539 558.215271 225.491333 1.811283 0.779518 0.932221 -1.889446 1.344583 22.841273 -1.858408 0.797403
