Pedestrian -1 -1 -1.178123 794.485840 134.274796 888.378723 331.377991 1.850343 0.632749 0.902249 2.338065 1.415589 7.153100 -0.862209 0.999074
Pedestrian -1 -1 1.955215 695.791870 144.658966 790.940979 344.467529 1.795102 0.648699 0.869980 1.296539 1.476111 6.866267 2.141845 0.998962
Pedestrian -1 -1 1.093787 598.328613 142.549850 668.114075 263.530457 1.796277 0.768547 0.938093 0.396346 1.227089 11.187556 1.129199 0.996682
Pedestrian -1 -1 1.164217 256.284332 137.200882 318.402466 256.111664 1.895500 0.746950 0.709229 -5.439184 1.215314 12.010923 0.738993 0.996272
Pedestrian -1 -1 2.662033 635.242981 144.567596 706.546082 262.173370 1.789342 0.798813 0.876540 1.012013 1.261900 11.512734 2.749711 0.995730
Pedestrian -1 -1 -1.956543 559.408813 144.957275 614.557190 255.739059 1.716099 0.617988 0.861136 -0.342925 1.165665 11.482160 -1.986400 0.995695
Pedestrian -1 -1 1.922474 496.771301 148.469254 548.375916 256.546173 1.680519 0.558832 0.857700 -1.375509 1.190676 11.439572 1.802807 0.995647
Pedestrian -1 -1 1.144251 524.112061 143.121933 576.663574 256.243683 1.731102 0.534452 0.861988 -0.912419 1.168384 11.223727 1.063136 0.995617
Pedestrian -1 -1 3.073119 766.656860 143.145630 822.460327 254.733871 1.736153 0.507567 0.863976 3.114352 1.152129 11.822504 -2.952492 0.994506
Pedestrian -1 -1 1.211492 469.066315 143.036148 522.790771 259.163574 1.760165 0.574968 0.912492 -1.803915 1.192251 11.375718 1.054225 0.992613
Pedestrian -1 -1 0.272601 1098.425171 184.428467 1156.912842 262.642151 1.774402 0.553922 0.969218 12.392649 1.880284 16.791245 0.908405 0.981956
Pedestrian -1 -1 -1.961442 449.425964 143.960281 485.857025 221.110535 1.746662 0.614956 0.863321 -3.342073 0.923076 17.072465 -2.154756 0.975700
Pedestrian -1 -1 -0.831194 730.089966 133.677307 837.811279 331.703857 1.845679 0.558613 0.854389 1.753205 1.429255 7.015713 -0.586313 0.883962
Pedestrian -1 -1 -2.102645 683.139221 146.155304 709.858276 202.355698 1.738948 0.601907 0.651967 2.917208 0.683112 22.839042 -1.975604 0.796408
