Car -1 -1 1.799073 358.062012 145.302826 482.484131 245.166290 2.167809 1.988806 4.721206 -4.437182 1.354321 18.168025 1.559532 0.999863
Pedestrian -1 -1 -1.978589 0.562709 149.102234 192.009491 430.847809 1.741592 0.740421 0.948582 -3.548487 1.540965 4.960576 -2.599535 0.999300
Pedestrian -1 -1 -2.904584 1006.136230 121.818024 1171.893066 358.597198 1.836175 0.725089 0.967896 4.035822 1.368769 6.004829 -2.312832 0.998755
Pedestrian -1 -1 -2.972097 210.091934 156.836243 289.848969 294.523315 1.821320 0.812016 0.847402 -4.980087 1.507008 10.091485 2.852659 0.998414
Pedestrian -1 -1 -1.863738 757.010132 151.014023 860.991699 298.089691 1.798941 0.961667 1.058313 2.577176 1.418821 9.126731 -1.588527 0.995285
Pedestrian -1 -1 -1.232099 156.089050 160.630356 236.116394 274.339294 1.780402 0.834467 1.019015 -6.676947 1.450575 11.785064 -1.747567 0.993490
Pedestrian -1 -1 2.937260 592.940186 160.112946 624.271912 218.483810 1.781762 0.749228 0.824632 0.178276 1.140787 22.438401 2.945204 0.990994
Pedestrian -1 -1 -0.119819 504.443634 159.158127 536.180481 219.147644 1.834609 0.756276 0.938262 -2.616413 1.154882 22.979989 -0.233187 0.989868
Pedestrian -1 -1 1.929759 614.567749 159.537170 645.593628 219.448807 1.769838 0.720996 0.826836 0.845428 1.132091 22.021329 1.968131 0.988451
Pedestrian -1 -1 0.837248 1135.700317 125.027679 1221.255371 263.529602 1.839399 0.690949 0.609714 7.935741 1.071316 9.952347 1.510386 0.969820
Pedestrian -1 -1 2.067591 735.474609 178.954681 770.619934 244.784073 1.576804 0.650179 0.665422 3.765057 1.506506 18.048295 2.273251 0.872667
