Car -1 -1 -1.867690 769.693848 187.393524 970.330994 322.983795 1.451432 1.551432 3.635681 3.290874 1.683141 9.985672 -1.549340 0.999968
Car -1 -1 -1.739172 721.336426 178.390503 837.852478 268.660645 1.549322 1.577979 3.614929 3.177665 1.673790 14.272663 -1.520105 0.999820
Car -1 -1 -3.090766 285.374664 182.301651 450.084412 240.170502 1.451424 1.634017 4.088274 -6.628440 1.734928 19.850766 2.870147 0.998939
Car -1 -1 -2.708703 132.036331 183.539368 390.373322 268.593140 1.466004 1.573867 3.840642 -6.466218 1.686998 13.513687 3.128187 0.998850
Car -1 -1 -1.730365 678.092590 182.989426 730.428894 222.460632 1.380471 1.510404 3.623895 3.614781 1.820267 28.681298 -1.604993 0.998823
Car -1 -1 -2.703292 373.817902 180.239700 501.314575 231.537537 1.509595 1.526968 3.565192 -5.458277 1.754603 22.791648 -2.938350 0.998293
Car -1 -1 0.707268 -348.223877 180.348328 255.731247 385.006622 1.547361 1.660114 3.943242 -5.703922 1.623487 6.577324 -0.007133 0.996594
Car -1 -1 -0.905901 440.327118 182.429459 529.155701 220.058578 1.437938 1.578167 3.910975 -5.140050 1.859396 29.680348 -1.077380 0.989168
Car -1 -1 3.090870 473.130188 179.352524 550.431824 211.014847 1.443560 1.555932 3.772727 -4.779293 1.785003 34.961320 2.955010 0.980132
Car -1 -1 1.511088 647.122375 165.168945 677.734985 199.120117 1.881356 1.626150 3.323097 3.070894 1.484484 43.403416 1.581722 0.939207
