Car -1 -1 2.242267 -151.453262 207.832626 246.953400 405.869629 1.542252 1.571659 3.534096 -5.809374 2.021355 8.051869 1.617261 0.999884
Car -1 -1 1.437438 437.153137 188.054947 489.566528 226.998520 1.417137 1.532240 3.679699 -6.210130 2.117403 30.548337 1.236883 0.999453
Car -1 -1 -1.685862 648.403931 175.438980 694.474792 210.884644 1.498118 1.690342 3.693959 2.790916 1.651201 33.628102 -1.603058 0.998970
Car -1 -1 -2.198568 169.517960 198.414337 248.336014 231.637604 1.484992 1.694784 3.968311 -21.068156 2.922785 37.933911 -2.705541 0.998929
Car -1 -1 1.465281 493.449127 180.067520 529.433105 209.854477 1.681338 1.646593 3.970313 -6.144094 2.171420 45.170445 1.330091 0.997054
Car -1 -1 -2.240023 217.996185 196.935516 304.100220 230.009399 1.452207 1.640587 4.359329 -18.025961 2.767648 37.188214 -2.691374 0.989036
Car -1 -1 1.417161 463.344116 186.518707 507.577942 218.738571 1.458990 1.550165 3.807400 -6.489179 2.244351 37.628888 1.246389 0.988327
Car -1 -1 -2.081351 612.769592 174.182312 661.475464 198.144287 1.592604 1.606884 4.262936 1.879047 1.701983 51.972493 -2.045212 0.910789
Car -1 -1 2.230997 87.238243 202.454117 159.234680 232.944489 1.566018 1.644376 3.684867 -28.437881 3.347657 42.162484 1.637603 0.875590
Car -1 -1 -1.046069 138.604660 199.713058 210.558914 232.531326 1.504946 1.627637 3.729916 -23.136516 3.022299 38.406010 -1.588265 0.810682
