Car -1 -1 -1.177516 162.347641 161.721024 414.273315 307.647339 1.803114 1.765998 4.792757 -4.679765 1.487571 11.265516 -1.571233 0.999948
Car -1 -1 -1.689334 422.113525 180.963959 494.080292 229.696899 1.446741 1.597681 3.922220 -4.934208 1.329007 23.900105 -1.892925 0.999764
Car -1 -1 -1.567926 575.608582 172.621704 626.367004 220.483871 1.592561 1.727337 3.719871 -0.294706 1.154923 26.215264 -1.579168 0.999274
Car -1 -1 -0.936050 -52.102089 189.932419 160.222748 262.151947 1.499881 1.581785 4.088445 -12.700390 1.638935 16.638642 -1.588013 0.998708
Car -1 -1 -1.740523 408.635101 181.739014 450.553375 210.493225 1.378596 1.555680 3.498890 -9.586920 1.241760 38.596387 -1.983985 0.971178
Car -1 -1 -1.127577 -275.091919 185.608582 113.491890 341.093933 1.499286 1.620192 4.039993 -8.226037 1.527062 8.966221 -1.869948 0.962231
Car -1 -1 -1.503404 522.958923 175.760117 551.143799 202.802719 1.648708 1.637495 3.665610 -4.659202 1.067772 47.809685 -1.600551 0.887673
Car -1 -1 -2.031617 314.073608 178.475571 377.298981 212.863785 1.486375 1.524390 3.863666 -12.372848 1.206975 34.166554 -2.379059 0.850615
Car -1 -1 -1.448721 485.875549 179.172760 529.495483 212.641144 1.544692 1.701548 4.071174 -5.091570 1.276117 36.789029 -1.586247 0.840301
Car -1 -1 -1.846223 365.126556 180.176987 406.425385 205.395493 1.366353 1.529257 3.639249 -13.673693 1.122554 44.162991 -2.146481 0.813387
