Car -1 -1 -1.381319 425.082672 173.763458 517.675110 240.456268 1.496179 1.624708 3.986080 -3.396585 1.351772 18.472062 -1.563165 0.999849
Cyclist -1 -1 -0.035712 681.269104 161.046417 720.350098 197.397293 1.785847 0.611874 1.952472 4.866029 0.796502 36.194371 0.097929 0.989357
Cyclist -1 -1 0.627179 888.601746 144.968445 947.785950 201.006119 1.775359 0.583630 1.738342 10.200836 0.647577 23.178226 1.041774 0.984775
Pedestrian -1 -1 0.247814 529.717896 162.862732 561.444031 213.021667 1.807388 0.666196 1.048234 -2.216710 1.167466 26.000712 0.162764 0.979618
Cyclist -1 -1 -0.347053 295.655731 170.591049 360.298920 228.065369 1.711981 0.592448 1.766306 -8.707284 1.416443 22.190846 -0.720975 0.977983
Pedestrian -1 -1 0.686955 408.961334 161.516403 442.200256 219.673950 1.820407 0.570401 0.886385 -5.882579 1.227089 23.055772 0.437139 0.976905
Cyclist -1 -1 0.340807 819.298645 147.515839 872.496094 198.018066 1.822331 0.578708 1.788684 9.219704 0.638453 27.094438 0.668797 0.976141
Car -1 -1 -0.811427 1048.033936 146.361725 1163.989014 182.975998 1.498536 1.629789 4.033415 21.950202 0.049920 30.892577 -0.193667 0.940094
Pedestrian -1 -1 -0.674476 246.620224 177.318146 276.444275 222.817490 1.646783 0.484855 0.888925 -12.700948 1.536283 26.089543 -1.127525 0.874244
Cyclist -1 -1 0.392482 326.048157 169.641052 383.204926 225.875885 1.744711 0.578617 1.488052 -7.943854 1.408472 22.295341 0.050205 0.848288
