Pedestrian -1 -1 -1.121667 740.954102 164.840363 873.790955 396.302216 1.719033 0.795346 0.825890 1.640906 1.606434 5.924055 -0.851451 0.999141
Car -1 -1 1.430994 506.622009 171.201126 567.083313 223.470734 2.070700 1.833329 4.725945 -2.845236 1.661408 31.651867 1.341344 0.998619
Pedestrian -1 -1 -1.096185 823.367554 145.129028 989.484985 399.006256 1.823385 0.944332 0.980176 2.428406 1.577307 5.888978 -0.705065 0.998549
Pedestrian -1 -1 -0.326187 142.589005 163.938812 303.340546 392.013031 1.798414 0.903288 0.988303 -3.402867 1.667879 6.337129 -0.818974 0.998144
Pedestrian -1 -1 2.909536 1155.848022 153.830032 1214.383789 242.920517 1.797632 0.570845 0.857346 12.003969 1.234173 14.816281 -2.692727 0.997000
Pedestrian -1 -1 3.038863 1076.868774 160.356949 1194.517944 354.746429 1.587712 0.528475 0.750608 4.634846 1.413387 6.319340 -2.611506 0.995412
Pedestrian -1 -1 2.949169 731.502991 172.985840 784.546875 259.882812 1.718630 0.736843 0.958847 3.229495 1.547527 15.034270 -3.122423 0.987200
Car -1 -1 1.682821 574.841919 174.079224 610.082397 209.775909 1.833841 1.631809 3.145657 -0.464496 1.466226 40.351922 1.671311 0.951076
Pedestrian -1 -1 -1.287479 470.197205 177.882095 496.591187 228.439667 1.704072 0.704790 0.902023 -4.117554 1.589431 24.865590 -1.451583 0.926208
Cyclist -1 -1 1.027519 316.284851 176.516632 380.747772 265.411041 1.724267 0.479329 1.737172 -5.483754 1.669980 15.415968 0.685759 0.917078
Pedestrian -1 -1 0.545965 848.376404 163.076736 873.334839 217.123947 1.738518 0.572344 0.542180 8.753502 1.113961 24.255908 0.892300 0.878329
Pedestrian -1 -1 -0.755105 1119.220337 157.026947 1210.297607 286.412872 1.663099 0.673867 0.766736 8.446015 1.403972 10.803069 -0.091550 0.812885
