Car -1 -1 -1.944689 770.449890 194.740356 1036.413452 366.067657 1.374987 1.529136 3.259484 2.815522 1.647902 7.837743 -1.599818 0.999968
Car -1 -1 0.673281 65.470329 181.780075 355.840820 300.062714 1.570810 1.588288 3.600312 -6.076107 1.732006 10.985082 0.168043 0.998699
Car -1 -1 -0.154276 714.141479 177.524704 827.909668 222.896942 1.518579 1.532614 3.690939 5.623405 1.715589 25.937808 0.059223 0.998357
Car -1 -1 -1.690718 635.286011 176.773178 670.780640 203.534378 1.417575 1.606571 4.063997 2.411937 1.684591 42.190064 -1.633611 0.997846
Car -1 -1 -0.315248 877.437317 175.387955 1101.672119 266.314972 1.610810 1.517907 3.656197 7.292955 1.675407 14.223649 0.158535 0.996875
Car -1 -1 2.773079 428.630157 175.616196 520.771423 208.341751 1.530297 1.629102 4.011791 -6.816061 1.697448 35.988084 2.585898 0.995708
Car -1 -1 -1.872384 773.755188 180.316742 869.889465 235.647354 1.441751 1.558606 3.503287 5.890781 1.667111 20.433648 -1.591706 0.994991
Car -1 -1 2.473932 311.230469 174.768219 451.342285 226.968933 1.572646 1.702531 4.165455 -7.366438 1.652885 23.524934 2.170471 0.989963
Car -1 -1 -2.360657 235.046066 178.906311 417.164185 250.747055 1.464981 1.637165 4.033447 -6.455345 1.641065 16.467803 -2.734246 0.983940
Car -1 -1 0.750827 -368.937042 172.360580 262.885895 397.022827 1.612421 1.606883 3.981024 -5.755197 1.631591 6.442610 0.021724 0.959509
Cyclist -1 -1 1.315368 545.597168 174.427597 564.674316 208.581802 1.668657 0.579914 1.820810 -2.979757 1.806447 38.438218 1.238002 0.886868
Car -1 -1 -1.053697 814.632996 179.146179 919.416199 231.449478 1.481800 1.644320 3.956971 7.956551 1.710937 22.738759 -0.717101 0.851259
Car -1 -1 -0.889080 868.435547 172.588455 1008.876343 237.685181 1.633436 1.661487 3.993613 9.442478 1.622636 20.941682 -0.465483 0.838913
