Pedestrian -1 -1 2.845312 652.215820 164.378067 762.648071 339.519104 1.744537 0.949260 0.950893 1.086940 1.583062 7.730614 2.984999 0.998239
Pedestrian -1 -1 1.811022 466.428131 170.857498 496.207489 237.678116 1.739447 0.644817 0.789282 -3.279718 1.454501 19.388192 1.643448 0.995745
Pedestrian -1 -1 1.078060 949.390198 143.300995 1020.501587 270.074188 1.838691 0.719862 0.618292 5.630868 1.278732 10.632346 1.565104 0.995734
Cyclist -1 -1 1.032091 172.235855 162.136169 438.259766 534.383789 1.709231 0.561923 1.746385 -1.682481 1.619167 4.035587 0.637091 0.994581
Pedestrian -1 -1 -0.017103 491.608002 170.773285 524.188843 235.207672 1.786180 0.739383 0.968826 -2.741190 1.475644 20.831034 -0.147943 0.991790
Pedestrian -1 -1 1.940754 916.527466 134.115723 991.966187 275.066193 1.953644 0.765161 0.689899 5.047914 1.297016 10.353901 2.394382 0.990541
Pedestrian -1 -1 -1.733369 589.689209 171.560806 617.192200 230.913742 1.745362 0.689113 0.898095 0.020792 1.465465 21.688607 -1.732410 0.988114
Pedestrian -1 -1 -1.460365 579.285645 169.508408 605.522949 226.272522 1.791690 0.783607 0.999318 -0.325445 1.434490 23.841605 -1.474015 0.984411
Pedestrian -1 -1 3.043464 22.214304 131.541870 271.743744 594.099548 1.784449 0.696208 0.886279 -2.140050 1.591340 3.261081 2.462715 0.981803
Pedestrian -1 -1 -1.564294 553.890442 170.439484 582.857910 235.195099 1.778001 0.810508 1.026039 -0.984129 1.470146 20.722277 -1.611749 0.971452
Pedestrian -1 -1 -2.904679 70.835197 142.910980 209.467010 474.521027 1.753142 0.628386 0.567257 -2.618128 1.536894 4.007889 2.799854 0.951949
Pedestrian -1 -1 -1.526271 566.153870 168.650192 593.353882 227.034775 1.838129 0.851417 1.045962 -0.724353 1.430155 23.652079 -1.556887 0.935241
Pedestrian -1 -1 0.884595 1107.365234 136.884705 1319.007568 419.896149 1.678115 0.773806 0.709091 3.513402 1.368508 4.302932 1.569324 0.898677
Car -1 -1 1.625823 521.341003 176.158813 547.799011 204.018463 1.611367 1.516295 2.855334 -4.300543 1.326576 46.365063 1.533333 0.884504
Pedestrian -1 -1 0.098509 605.178284 171.854874 631.979065 226.476624 1.728561 0.689071 0.815742 0.543539 1.464573 23.607821 0.121529 0.801076
Pedestrian -1 -1 -1.326952 635.957703 172.441803 659.290955 221.847916 1.687968 0.703869 0.807700 1.636152 1.408864 25.991315 -1.264085 0.777037
