Pedestrian -1 -1 -1.224715 289.170685 158.098190 340.124664 271.432892 1.850144 0.665311 0.504452 -4.811403 1.468120 11.952710 -1.607406 0.999388
Pedestrian -1 -1 1.106575 480.389923 170.906067 520.176819 243.864243 1.619946 0.680755 0.664841 -2.333853 1.379407 16.340689 0.964710 0.989185
Car -1 -1 -1.918126 781.019165 157.383499 1263.198853 494.384857 1.642653 1.604031 3.829207 2.612224 1.502451 5.532866 -1.477023 0.988312
Pedestrian -1 -1 1.266525 539.687988 168.187622 576.006165 230.239075 1.731716 0.825374 0.938890 -1.295253 1.340357 20.914506 1.204673 0.983433
Pedestrian -1 -1 1.983363 587.641113 174.448029 636.472900 237.532364 1.535310 0.965953 0.962124 0.224038 1.361886 18.120476 1.995726 0.982427
Pedestrian -1 -1 -0.319629 617.686279 165.841522 648.689087 215.072998 1.700172 0.932100 0.927427 1.173023 1.160573 27.164261 -0.276474 0.979305
Pedestrian -1 -1 -1.976807 650.775574 164.005615 675.567505 205.905136 1.773444 0.836589 0.859170 2.729366 1.042816 32.045361 -1.891840 0.949014
Pedestrian -1 -1 2.817981 574.118591 168.447189 603.547668 216.174606 1.689725 0.892199 0.823464 -0.560023 1.249903 27.664738 2.797741 0.924775
Pedestrian -1 -1 1.912029 559.232422 169.369888 593.659912 225.862350 1.682260 0.817778 0.914486 -0.796928 1.342924 22.408618 1.876481 0.880643
Pedestrian -1 -1 2.843721 635.109436 163.634445 660.368958 207.442154 1.805542 0.843449 0.886698 1.980954 1.050968 31.100812 2.907329 0.862955
