Car -1 -1 -1.868811 730.885986 190.448395 899.986084 302.203308 1.386919 1.549481 3.402395 2.921543 1.696385 11.196789 -1.613575 0.999949
Car -1 -1 -0.228738 -67.237762 183.476334 309.602173 320.752869 1.540104 1.544560 3.450627 -6.045061 1.680924 8.970973 -0.821695 0.998648
Car -1 -1 -3.024902 203.283813 174.802200 408.726410 255.269409 1.525572 1.632222 3.942729 -6.277156 1.589943 15.115987 2.864686 0.998646
Car -1 -1 -3.139142 707.980774 174.549133 815.384827 220.112305 1.558147 1.558826 3.852114 5.443551 1.651831 26.499848 -2.936542 0.998314
Car -1 -1 2.389193 809.243469 183.160873 948.176392 240.899902 1.371216 1.537903 3.686738 7.090473 1.677950 19.490184 2.738106 0.996958
Car -1 -1 3.053886 424.605530 174.645279 513.253723 208.560455 1.483986 1.587502 3.873425 -6.777478 1.587087 34.091134 2.857640 0.995797
Car -1 -1 -0.367278 65.890350 173.281616 357.332520 273.597656 1.633548 1.595937 4.051462 -7.247350 1.658066 13.443076 -0.861725 0.968309
Car -1 -1 -0.419059 368.435211 174.740540 482.084595 216.974777 1.533247 1.622943 3.811200 -7.294448 1.643197 28.688943 -0.668043 0.941879
Car -1 -1 -0.944807 478.509094 170.237579 539.678101 201.338058 1.626942 1.582980 3.814376 -5.769763 1.487188 41.177956 -1.084018 0.912477
Car -1 -1 -1.619613 636.196472 161.297943 677.192993 207.419342 1.779383 1.572060 3.293851 1.877732 1.345932 30.686177 -1.558498 0.861801
Car -1 -1 -2.235793 -289.392639 177.573608 192.731384 379.996338 1.577565 1.621853 4.063919 -6.360647 1.639651 7.219200 -2.958053 0.849601
