Pedestrian -1 -1 -0.256229 1025.223022 101.516678 1263.183716 481.728973 1.796206 0.789899 0.858967 2.811918 1.423698 3.892230 0.369402 0.998226
Pedestrian -1 -1 1.332567 448.494568 165.257935 499.308319 280.005280 1.683997 0.630247 0.729664 -2.054721 1.447246 11.299572 1.152692 0.997100
Pedestrian -1 -1 1.331082 483.920837 156.158066 533.922913 274.006195 1.763213 0.632197 0.788629 -1.514044 1.400007 11.421633 1.199291 0.995494
Car -1 -1 1.511028 554.207275 168.488922 584.616211 194.049377 1.526475 1.704143 3.940681 -2.099534 0.721661 46.914166 1.466305 0.994493
Pedestrian -1 -1 -1.478358 645.532532 161.322357 676.084900 233.050690 1.723808 0.686428 0.936784 1.479133 1.241611 18.233218 -1.397412 0.992038
Pedestrian -1 -1 -1.210754 678.185730 163.399551 705.453308 224.679520 1.639178 0.596958 0.749764 2.530181 1.181620 20.514763 -1.088039 0.992015
Pedestrian -1 -1 -1.351475 592.046814 156.584198 631.613586 235.137909 1.811173 0.787611 1.081200 0.223595 1.231865 17.769726 -1.338893 0.989519
Pedestrian -1 -1 1.948681 701.700317 156.855850 738.703186 226.951736 1.783554 0.677032 1.039033 3.206237 1.168899 19.583884 2.110960 0.965269
Pedestrian -1 -1 -1.499384 611.345886 158.063339 639.382324 218.236115 1.839674 0.861702 1.018227 0.780792 1.110754 23.686949 -1.466433 0.926671
Pedestrian -1 -1 -0.838649 984.525635 139.976685 1030.033447 227.629959 1.773843 0.590652 0.530034 8.388538 0.955928 14.919532 -0.326448 0.886820
Pedestrian -1 -1 2.196953 -53.980572 180.965576 222.614120 611.920471 1.526901 0.594444 0.819557 -2.148795 1.540656 2.959594 1.568961 0.767567
