Car -1 -1 -0.818849 925.253479 184.073853 1188.927734 310.228333 1.501893 1.518817 3.096348 6.099917 1.674482 10.102360 -0.275632 0.999658
Car -1 -1 3.113804 184.718491 174.924896 396.556244 272.777191 1.691054 1.607211 3.806427 -6.237983 1.771604 14.369735 2.704247 0.999637
Car -1 -1 0.447489 -56.973248 186.444336 344.073914 326.637177 1.543227 1.603779 3.843643 -5.811576 1.736653 9.206195 -0.115605 0.998830
Car -1 -1 -0.402313 737.947693 181.685928 914.180420 243.318314 1.507808 1.600729 3.961501 5.553662 1.758502 19.037661 -0.118470 0.998041
Car -1 -1 0.342999 384.392212 181.958130 506.013672 222.067123 1.502722 1.560974 3.988161 -6.576592 1.885897 28.389466 0.115359 0.995136
Car -1 -1 -2.235854 336.217682 184.652115 449.987061 231.090073 1.453311 1.678186 4.353526 -7.495652 1.885856 25.040616 -2.526705 0.993794
Car -1 -1 -1.676340 635.264343 183.181259 677.910156 216.357819 1.361647 1.603917 4.078837 2.107998 1.897710 34.066777 -1.614541 0.993430
Car -1 -1 -0.724246 1015.791016 198.354324 1482.108643 347.373199 1.427834 1.591818 3.507626 6.398062 1.711651 7.552322 -0.021400 0.993214
Car -1 -1 -0.391610 455.508301 179.610306 539.039429 209.469818 1.504934 1.587358 4.015916 -6.175533 1.903328 39.347916 -0.547287 0.943411
Car -1 -1 0.776913 -321.757782 186.559769 195.053055 386.458801 1.589376 1.575743 3.671159 -6.316015 1.728364 7.003893 0.043112 0.841632
