Car -1 -1 2.822247 819.098694 185.577881 1053.026855 275.687683 1.545459 1.555614 3.713574 5.975235 1.800680 13.653822 -3.048425 0.999737
Car -1 -1 -0.946216 763.169861 183.835281 931.013000 260.894440 1.514162 1.627354 4.124032 5.297708 1.791606 16.311501 -0.632180 0.999714
Car -1 -1 -2.521431 3.356416 169.899734 333.576111 295.071106 1.683478 1.678885 4.007414 -6.484951 1.650364 10.787410 -3.062703 0.999503
Car -1 -1 -0.726389 963.722351 192.943024 1388.200195 352.133484 1.476937 1.567559 3.436455 5.833160 1.707596 7.751811 -0.081297 0.999025
Car -1 -1 2.805088 330.540863 181.029541 473.798462 226.839386 1.475927 1.657957 4.504144 -7.281015 1.788333 25.397826 2.525897 0.997965
Car -1 -1 -1.684308 632.986328 179.729294 681.014832 217.192398 1.413728 1.605468 4.118534 1.890777 1.747175 30.850960 -1.623097 0.997924
Cyclist -1 -1 1.391683 491.907349 177.995361 519.677856 232.686951 1.616479 0.542682 1.671706 -3.333471 1.789382 22.793828 1.246468 0.991559
Car -1 -1 -0.112445 170.459061 167.377625 374.394257 246.853302 1.625127 1.639132 4.028444 -7.905951 1.539993 16.711421 -0.554332 0.948533
Car -1 -1 1.048340 910.729980 194.205231 1114.342651 292.660980 1.496465 1.588802 3.601100 7.308904 1.948260 13.512539 1.544168 0.938606
Car -1 -1 -2.269966 -377.151398 192.154434 158.655777 374.621399 1.565430 1.587034 3.718493 -6.925400 1.730726 7.040589 -3.047116 0.917199
Car -1 -1 -2.111315 748.611511 176.459564 867.124207 235.895264 1.633960 1.737801 4.345483 6.174469 1.801378 23.350915 -1.852810 0.847454
Car -1 -1 -1.660454 622.784119 178.310745 658.796692 207.570709 1.464663 1.666571 4.261826 1.651423 1.814830 41.074994 -1.620270 0.802678
