Pedestrian -1 -1 -2.949864 190.038712 149.973190 347.571381 444.831299 1.787138 0.725131 0.870669 -2.239287 1.593086 4.780967 2.895292 0.998624
Pedestrian -1 -1 -1.100006 614.219055 163.522705 719.694031 319.102417 1.745945 0.956910 0.903948 0.745342 1.562025 8.604991 -1.013604 0.998210
Pedestrian -1 -1 0.287746 1010.157104 117.522972 1202.509766 453.072845 1.877247 0.780840 0.847389 3.174450 1.536217 4.620983 0.889669 0.997585
Pedestrian -1 -1 -2.031391 893.837402 138.804886 971.120972 266.236115 1.785029 0.802623 0.681117 4.776893 1.182075 10.502952 -1.604540 0.997104
Pedestrian -1 -1 -1.376736 578.627563 170.752792 604.930420 228.228027 1.672276 0.695929 0.808953 -0.334554 1.391572 22.114832 -1.391862 0.991177
Cyclist -1 -1 1.431338 334.844666 169.095200 469.994293 405.370026 1.674667 0.678414 1.965390 -1.729817 1.603231 6.052934 1.152976 0.989877
Pedestrian -1 -1 1.714222 467.408813 172.490677 496.335083 234.731522 1.736718 0.706157 0.801360 -3.477560 1.488677 20.724745 1.547973 0.987975
Pedestrian -1 -1 -1.495471 549.432495 170.148605 578.567749 235.615494 1.724662 0.748330 0.905147 -1.061072 1.426766 19.845189 -1.548887 0.987401
Pedestrian -1 -1 -1.357610 589.724365 172.268753 617.085449 231.672485 1.673910 0.671606 0.792125 0.021756 1.420643 21.032279 -1.356576 0.986604
Pedestrian -1 -1 1.678675 483.919220 171.851318 509.772125 229.821045 1.767032 0.710478 0.837872 -3.317679 1.492663 22.611672 1.532990 0.975234
Pedestrian -1 -1 -1.674676 495.348389 172.342209 522.352051 228.506088 1.758726 0.761858 0.947501 -2.987664 1.483845 22.896708 -1.804427 0.974851
Pedestrian -1 -1 -1.438302 565.298523 169.712448 593.445251 229.199631 1.700800 0.742186 0.843381 -0.682874 1.388715 21.475016 -1.470090 0.957483
