Car -1 -1 1.968342 209.917206 197.459671 386.345093 289.427704 1.394038 1.663625 4.231633 -6.011815 1.966936 14.390415 1.572615 0.999920
Car -1 -1 -1.815274 706.081543 176.218903 822.854004 253.845825 1.465503 1.592128 3.888213 3.180626 1.557502 15.884830 -1.617657 0.999898
Car -1 -1 2.218646 -147.717896 209.519730 247.463623 397.649323 1.413419 1.574754 3.695688 -5.797065 1.924635 8.087085 1.596714 0.999837
Car -1 -1 1.878841 364.127930 190.376846 464.291718 247.614304 1.435587 1.667248 4.249991 -5.795770 2.020022 21.736758 1.618268 0.999802
Car -1 -1 1.392695 427.708191 186.605148 491.454651 231.365356 1.492916 1.528623 3.863944 -5.759057 2.071373 27.697205 1.187687 0.998706
Car -1 -1 1.806828 476.189423 185.234589 522.866638 217.242188 1.470859 1.557459 3.806083 -5.800378 2.188048 37.926316 1.655065 0.998077
Car -1 -1 2.532114 938.921570 151.710480 1131.924927 223.384247 1.682407 1.612840 4.034123 10.560308 1.199892 18.178645 3.058385 0.995278
Car -1 -1 -1.469315 687.130615 174.985458 765.888367 234.405289 1.553755 1.624513 3.914258 3.329966 1.638736 21.283652 -1.314116 0.994896
Car -1 -1 -1.692352 663.379578 179.517365 713.283813 219.014679 1.452710 1.593499 3.791647 3.119928 1.760079 29.660708 -1.587550 0.994313
Car -1 -1 -3.037664 1030.432739 136.842850 1252.707275 228.067032 1.722690 1.667733 3.980575 11.337785 1.027769 15.526261 -2.406934 0.994312
Car -1 -1 1.342900 512.658691 179.836166 546.965637 204.837708 1.546250 1.554686 3.624346 -5.695250 2.133882 51.045804 1.231788 0.944876
Car -1 -1 2.477430 1085.319824 132.805954 1404.888428 249.690598 1.684280 1.606357 3.597979 9.833903 1.090760 11.449210 -3.096108 0.943211
Car -1 -1 -3.044961 864.834595 160.128723 1029.228394 218.859451 1.606580 1.683735 4.529451 10.164854 1.265472 21.920441 -2.610760 0.942341
Car -1 -1 -1.665055 646.807068 178.603333 677.686340 206.114517 1.479419 1.565354 3.641066 3.014017 1.864490 43.371880 -1.595674 0.812353
