Pedestrian -1 -1 -1.241758 821.937805 129.219513 974.649292 390.494385 1.818263 0.914254 0.903436 2.285326 1.470864 5.692438 -0.859987 0.998277
Pedestrian -1 -1 2.185488 952.340210 116.481438 1116.674805 320.290741 1.940253 1.091241 0.900929 4.334108 1.308913 7.306282 2.720894 0.998056
Pedestrian -1 -1 3.048573 476.318665 165.277313 511.544983 249.213715 1.721316 0.606452 0.682237 -2.320489 1.388726 15.198305 2.897062 0.993075
Pedestrian -1 -1 -1.870287 500.150208 161.264816 538.083313 248.738892 1.751091 0.609596 0.763274 -1.790160 1.352878 15.285613 -1.986870 0.989636
Car -1 -1 1.520684 542.935059 167.228271 572.034668 193.833511 1.608276 1.705368 3.724540 -2.949707 0.719694 48.572064 1.460030 0.982249
Pedestrian -1 -1 -1.500344 571.460693 161.368454 602.238770 233.883881 1.811255 0.757142 1.010796 -0.414242 1.281596 18.942669 -1.522209 0.978834
Pedestrian -1 -1 -1.837567 655.527405 164.167419 682.029236 221.290970 1.664829 0.612747 0.855343 2.051645 1.189727 22.252579 -1.745629 0.975867
Pedestrian -1 -1 -1.486432 622.734558 164.491089 650.943298 229.940445 1.708477 0.697712 0.963035 0.951646 1.265273 19.720299 -1.438212 0.973930
Pedestrian -1 -1 -1.662439 600.826111 161.642105 625.885315 215.307404 1.808139 0.817759 1.054810 0.404670 1.147102 26.106932 -1.646940 0.971517
Pedestrian -1 -1 -3.140366 684.025696 159.720978 716.546021 220.535614 1.757457 0.629068 1.006569 3.071875 1.134497 22.561465 -3.005042 0.950277
Pedestrian -1 -1 1.104444 668.060303 162.706772 697.369446 218.196259 1.719681 0.609928 0.868862 2.644459 1.143431 23.775466 1.215215 0.885466
Pedestrian -1 -1 -1.507962 587.973633 160.117599 615.948425 224.647400 1.814161 0.808722 1.028292 -0.011183 1.184977 21.888749 -1.508473 0.858774
Pedestrian -1 -1 -0.304890 894.501404 120.340698 1039.680054 350.861633 1.860028 0.768371 0.923259 3.080145 1.361534 6.229644 0.154295 0.781326
