Car -1 -1 -1.789221 684.969971 182.544327 807.955750 264.714020 1.416575 1.585914 4.179865 2.610181 1.641772 15.018548 -1.617142 0.999853
Car -1 -1 -2.233577 823.922791 198.726349 1377.293579 498.868042 1.426376 1.584507 3.575974 3.048601 1.696098 5.699270 -1.742392 0.999595
Car -1 -1 -1.153735 109.004875 190.141327 317.834564 291.584351 1.389553 1.532444 3.392023 -6.593134 1.722473 12.041742 -1.654675 0.998785
Car -1 -1 -1.688369 665.805664 181.355392 722.492615 222.440491 1.345137 1.576978 3.869023 2.958208 1.686378 26.454528 -1.577009 0.998696
Car -1 -1 0.408561 299.741699 184.989639 475.984467 247.105743 1.488258 1.602357 4.044582 -5.805245 1.834276 19.119921 0.113784 0.997792
Car -1 -1 -2.534913 -170.326630 194.210220 264.237518 347.519958 1.428555 1.604239 3.828768 -5.987798 1.691298 8.090646 3.111145 0.997207
Car -1 -1 -1.686874 643.328308 171.783264 678.459534 202.117371 1.782276 1.695794 4.475971 3.136211 1.739367 45.753327 -1.618435 0.994465
Car -1 -1 -0.377171 180.828888 190.132248 377.194550 257.669067 1.385508 1.585063 3.857754 -7.861787 1.862668 17.250344 -0.804794 0.992284
Car -1 -1 -2.261686 -381.397125 190.674820 198.916824 432.385071 1.430081 1.608653 3.949753 -5.616549 1.610011 6.082040 -3.007315 0.970017
Car -1 -1 -2.387702 450.327667 178.088745 539.163696 211.485275 1.419714 1.743680 4.015296 -5.319112 1.680102 33.218892 -2.546478 0.942711
Car -1 -1 -0.828264 395.402985 178.124832 476.690002 215.125641 1.637813 1.557348 3.874011 -8.294987 1.918509 34.663369 -1.063148 0.899951
