Car -1 -1 -2.035601 788.229980 194.484314 1119.182617 402.864594 1.384718 1.506340 3.057348 2.706039 1.609315 6.626239 -1.647890 0.999934
Car -1 -1 -0.087681 717.644531 177.943542 836.243958 224.929581 1.529077 1.553723 3.874657 5.727885 1.737510 25.460164 0.133609 0.999030
Car -1 -1 -3.058866 205.740433 177.147125 413.471649 253.541443 1.459868 1.626727 4.006695 -6.288483 1.567146 15.135192 2.830533 0.997664
Car -1 -1 -1.194947 777.923035 177.336395 890.057068 249.949478 1.504122 1.572471 3.183564 5.152710 1.625542 16.814793 -0.897594 0.997442
Car -1 -1 -1.685082 635.202026 175.214996 671.361816 203.018372 1.437168 1.616444 4.030133 2.358709 1.605802 41.014901 -1.627637 0.996620
Car -1 -1 -2.724010 421.991638 174.507431 516.647949 207.182159 1.538108 1.640213 3.948418 -7.057495 1.632927 36.024922 -2.917466 0.995978
Car -1 -1 -2.956177 297.862793 171.959213 449.891693 230.643082 1.581270 1.685104 3.953317 -6.785521 1.583248 20.943825 3.013693 0.995572
Car -1 -1 0.695163 20.889748 181.324829 314.120758 311.242859 1.608838 1.579339 3.525366 -6.397874 1.768261 10.573860 0.151027 0.988926
Car -1 -1 0.896337 876.188477 173.194641 1018.010437 238.203659 1.628951 1.686793 4.057038 9.537730 1.628837 20.635283 1.329294 0.895528
Car -1 -1 0.751109 939.220581 174.855255 1086.874146 241.437164 1.591389 1.530559 3.668248 11.013478 1.672040 19.890506 1.256792 0.859978
Cyclist -1 -1 1.307580 542.938049 172.725952 562.495300 206.398941 1.659815 0.583988 1.868747 -3.129562 1.673532 38.809521 1.227115 0.788140
Car -1 -1 0.792795 -374.172089 181.935120 188.778564 384.713531 1.597903 1.583198 3.881454 -6.492736 1.690292 6.885393 0.036740 0.776260
