Car -1 -1 1.998617 204.186203 196.039825 392.526978 292.631256 1.426286 1.679072 4.178727 -5.810439 1.947231 13.878673 1.602129 0.999949
Car -1 -1 -1.799168 724.983337 177.882828 865.178101 277.620148 1.554929 1.626262 4.076664 3.216721 1.670584 13.544709 -1.565999 0.999927
Car -1 -1 -1.955394 790.646667 180.496292 1109.053101 363.946411 1.449554 1.616822 3.941554 3.167950 1.551829 7.802840 -1.569726 0.999888
Car -1 -1 1.904661 344.088196 190.122955 448.366425 253.479324 1.472489 1.600093 3.845056 -5.840987 1.998704 19.993998 1.620433 0.999885
Car -1 -1 1.364501 683.610413 181.194672 754.797668 233.003952 1.448399 1.531546 3.742653 3.313182 1.743577 22.983594 1.507669 0.999405
Car -1 -1 1.833957 438.242279 185.594711 502.801453 227.476227 1.449597 1.551339 3.951352 -5.546731 2.013599 28.859521 1.644075 0.999398
Car -1 -1 1.768813 498.514435 180.850784 536.266602 208.718842 1.521676 1.578054 3.616423 -5.666072 2.054029 44.062432 1.640923 0.997727
Car -1 -1 -1.705994 651.640808 179.997070 689.617493 209.894989 1.463624 1.620114 3.766310 3.128001 1.871808 38.856591 -1.625666 0.996868
Car -1 -1 2.281807 1066.843506 154.111282 1378.568726 266.252838 1.632745 1.681331 4.004739 9.538323 1.357032 11.483808 2.974924 0.994496
Car -1 -1 -0.834662 -424.381073 216.985596 169.946259 454.028259 1.414793 1.597643 3.868150 -6.129612 1.924972 6.828327 -1.566191 0.964692
Car -1 -1 -1.729010 661.686829 181.648666 719.362854 223.330093 1.444254 1.630840 3.944565 3.046405 1.830359 28.510291 -1.622561 0.830160
